SequenceName	ClusterNumber
496	1
493	1
491	1
494	2
556	2
495	2
490	2
606	2
557	2
585	-1
510	-1
509	-1
582	-1
505	-1
581	3
506	3
636	-1
512	-1
508	4
589	4
511	4
624	-1
641	-1
652	5
653	5
648	6
649	6
629	7
634	7
668	7
637	7
587	-1
632	8
635	8
507	-1
626	-1
623	9
640	9
489	9
580	-1
659	-1
497	-1
498	10
500	10
499	10
515	-1
516	11
517	11
449	-1
441	12
454	12
452	12
453	12
448	13
447	13
455	-1
442	-1
446	-1
482	14
461	14
481	14
479	14
464	14
473	14
475	14
468	14
467	14
520	14
472	14
480	15
477	15
485	15
476	15
457	15
478	15
462	15
458	15
547	15
514	15
465	15
466	15
463	15
471	15
470	15
474	15
459	15
469	15
460	15
544	15
487	16
483	16
484	16
486	16
383	17
382	17
608	17
377	17
379	18
381	18
380	18
537	-1
386	19
395	19
387	19
398	19
401	19
403	19
391	19
388	19
400	19
389	19
399	19
402	19
392	19
390	19
396	19
394	19
555	19
385	19
397	19
384	19
393	19
424	20
419	20
421	20
415	20
422	20
430	20
413	20
437	20
408	20
426	20
434	20
409	20
412	20
584	20
583	20
417	20
414	20
423	21
438	21
433	22
431	22
429	22
416	22
436	22
425	22
418	22
428	22
420	22
432	22
411	22
410	22
435	22
427	22
407	22
588	22
35	23
58	23
78	23
133	23
100	23
125	24
53	24
124	24
38	24
18	-1
73	-1
130	25
143	25
29	25
1	26
3	26
39	26
0	26
132	26
93	26
2	26
44	27
116	27
108	27
123	28
101	28
26	28
118	28
115	28
31	29
45	29
50	30
106	30
144	30
7	30
140	30
8	30
126	30
4	30
6	30
146	30
120	30
9	30
128	30
47	30
134	30
135	30
147	30
104	30
33	30
5	30
136	30
138	30
25	30
110	30
145	-1
687	-1
336	-1
335	-1
121	31
122	31
13	31
19	31
107	32
40	32
277	32
283	32
15	32
278	32
276	32
129	32
42	32
114	32
127	32
119	32
117	32
34	32
131	33
52	33
48	33
49	33
51	33
16	33
17	33
148	34
41	34
22	34
113	34
21	34
32	34
23	34
10	34
30	35
28	35
24	35
36	35
37	36
27	36
43	36
46	36
80	37
86	37
85	37
97	38
102	38
345	-1
84	-1
282	39
12	39
54	39
170	39
369	39
177	39
160	39
220	39
167	39
190	39
186	40
159	40
158	41
139	41
79	41
279	41
327	41
339	41
275	41
72	41
150	41
329	42
285	42
344	42
332	42
103	42
182	42
183	42
338	42
57	42
171	43
62	43
65	43
66	44
60	44
157	44
280	44
375	44
165	45
193	45
184	45
69	45
281	45
328	45
75	45
64	45
161	45
334	45
61	45
162	45
178	45
370	45
227	46
174	46
77	46
194	46
163	46
337	46
330	46
70	46
185	46
343	46
196	46
333	46
175	46
226	46
71	46
176	46
68	46
82	46
376	46
55	46
191	46
189	46
284	46
67	46
14	46
168	46
331	46
169	46
286	46
74	-1
63	47
56	47
251	48
210	48
244	48
88	48
81	48
90	48
315	49
87	49
240	49
371	50
373	50
359	-1
91	51
287	51
92	51
295	51
439	51
304	51
298	51
297	51
95	51
270	-1
156	52
372	52
255	52
299	52
254	52
187	52
192	52
296	52
440	52
151	52
197	52
301	52
294	52
456	52
309	53
365	53
76	53
112	53
317	53
204	53
111	53
351	53
355	53
368	53
247	53
215	53
350	53
356	53
353	53
364	53
308	53
153	53
358	53
349	53
366	53
352	53
357	53
354	53
360	53
348	53
363	53
362	53
361	53
367	53
98	-1
195	54
267	54
203	54
173	54
232	54
221	54
231	55
322	55
164	55
228	55
201	56
202	56
320	56
319	56
224	57
269	57
242	57
207	57
205	57
252	57
323	57
316	57
307	57
249	57
213	57
321	57
241	57
314	57
318	57
311	57
310	57
312	57
179	-1
234	58
154	58
325	58
152	58
206	58
225	58
230	58
229	58
501	58
245	58
246	58
233	58
238	58
214	58
141	58
199	58
59	58
188	58
200	59
256	59
374	59
208	59
243	59
218	59
219	59
261	59
248	59
259	59
223	59
235	59
342	59
109	59
253	59
239	59
236	59
155	59
166	59
346	59
181	59
341	59
217	59
237	59
347	59
180	59
268	59
340	59
142	59
212	60
313	60
639	60
149	60
260	61
257	61
266	61
209	61
216	61
211	62
289	62
271	62
198	62
89	62
250	62
324	63
99	63
264	63
94	63
272	63
303	63
306	63
300	63
263	63
305	63
291	63
302	63
326	63
265	63
288	63
290	63
293	63
292	63
96	64
83	64
274	64
222	64
258	65
20	65
262	65
273	65
172	-1
488	-1
137	66
105	66
451	67
450	67
445	67
443	67
444	67
404	68
406	68
405	68
11	69
378	69
685	70
684	70
675	70
674	70
671	70
686	70
672	70
677	70
688	70
678	70
683	70
676	-1
642	71
643	71
661	-1
625	-1
605	-1
638	-1
503	72
502	72
504	-1
548	-1
545	-1
657	-1
655	-1
664	-1
669	-1
658	-1
656	73
650	73
519	-1
621	74
622	74
578	75
579	75
573	76
572	76
663	76
576	76
566	76
569	77
570	77
571	77
574	77
575	77
662	77
567	77
513	-1
568	-1
620	78
631	78
607	78
633	78
630	78
604	-1
679	79
681	79
680	79
682	-1
612	-1
673	-1
598	-1
593	80
591	80
594	80
611	80
616	80
615	80
617	80
595	80
601	80
603	80
610	80
599	80
660	80
600	80
597	80
596	80
602	80
614	80
609	80
667	81
670	81
618	82
613	82
619	-1
590	83
592	83
665	84
666	84
646	85
644	85
647	85
645	85
651	-1
551	-1
553	-1
552	-1
554	86
549	86
550	86
523	87
524	87
525	87
532	87
528	87
521	87
536	87
527	87
535	87
526	87
529	87
533	87
522	87
531	87
530	87
577	-1
546	-1
492	-1
586	-1
540	88
541	88
538	88
539	88
542	89
543	89
654	-1
534	90
627	90
628	90
518	-1
563	91
565	91
564	92
560	92
559	92
558	92
562	92
561	92
