0.0458 0.0050 0.0467 0.0433 0.0508 0.0183 0.0225 0.0133 0.0433 0.0125 0.0417 0.0300 0.0242 0.0367 0.0408 0.0283 0.0333 0.0067 0.0292 0.0175 0.4092 
0.0458 0.0050 0.0467 0.0433 0.0508 0.0183 0.0225 0.0133 0.0433 0.0125 0.0417 0.0300 0.0242 0.0367 0.0408 0.0283 0.0333 0.0067 0.0292 0.0175 0.4092 
0.0458 0.0050 0.0467 0.0433 0.0508 0.0183 0.0225 0.0133 0.0433 0.0125 0.0417 0.0300 0.0242 0.0367 0.0408 0.0283 0.0333 0.0067 0.0292 0.0175 0.4092 
0.0458 0.0050 0.0467 0.0433 0.0508 0.0183 0.0225 0.0133 0.0433 0.0125 0.0417 0.0300 0.0242 0.0367 0.0408 0.0283 0.0333 0.0067 0.0292 0.0175 0.4092 
0.0458 0.0050 0.0467 0.0433 0.0508 0.0183 0.0225 0.0133 0.0433 0.0125 0.0417 0.0300 0.0242 0.0367 0.0408 0.0283 0.0333 0.0067 0.0292 0.0175 0.4092 
0.0458 0.0050 0.0467 0.0433 0.0508 0.0183 0.0225 0.0133 0.0433 0.0125 0.0417 0.0300 0.0242 0.0367 0.0408 0.0283 0.0333 0.0067 0.0292 0.0175 0.4092 
0.0458 0.0050 0.0467 0.0433 0.0508 0.0183 0.0225 0.0133 0.0433 0.0125 0.0417 0.0300 0.0242 0.0367 0.0408 0.0283 0.0333 0.0067 0.0292 0.0175 0.4092 
0.0458 0.0050 0.0467 0.0433 0.0508 0.0183 0.0225 0.0133 0.0433 0.0125 0.0417 0.0300 0.0242 0.0367 0.0408 0.0283 0.0333 0.0067 0.0292 0.0175 0.4092 
0.0458 0.0050 0.0467 0.0433 0.0508 0.0183 0.0225 0.0133 0.0433 0.0125 0.0417 0.0300 0.0242 0.0367 0.0408 0.0283 0.0333 0.0067 0.0292 0.0175 0.4092 
0.0458 0.0050 0.0467 0.0433 0.0508 0.0183 0.0225 0.0133 0.0433 0.0125 0.0417 0.0300 0.0242 0.0367 0.0408 0.0283 0.0333 0.0067 0.0292 0.0175 0.4092 
0.0458 0.0050 0.0467 0.0433 0.0508 0.0183 0.0225 0.0133 0.0433 0.0125 0.0417 0.0300 0.0242 0.0367 0.0408 0.0283 0.0333 0.0067 0.0292 0.0175 0.4092 
0.0458 0.0050 0.0467 0.0433 0.0508 0.0183 0.0225 0.0133 0.0433 0.0125 0.0417 0.0300 0.0242 0.0367 0.0408 0.0283 0.0333 0.0067 0.0292 0.0175 0.4092 
0.0458 0.0050 0.0467 0.0433 0.0508 0.0183 0.0225 0.0133 0.0433 0.0125 0.0417 0.0300 0.0242 0.0367 0.0408 0.0283 0.0333 0.0067 0.0292 0.0175 0.4092 
0.0458 0.0050 0.0467 0.0433 0.0508 0.0183 0.0225 0.0133 0.0433 0.0125 0.0417 0.0300 0.0242 0.0367 0.0408 0.0283 0.0333 0.0067 0.0292 0.0175 0.4092 
0.0458 0.0050 0.0467 0.0433 0.0508 0.0183 0.0225 0.0133 0.0433 0.0125 0.0417 0.0300 0.0242 0.0367 0.0408 0.0283 0.0333 0.0067 0.0292 0.0175 0.4092 
0.0458 0.0050 0.0467 0.0433 0.0508 0.0183 0.0225 0.0133 0.0433 0.0125 0.0417 0.0300 0.0242 0.0367 0.0408 0.0283 0.0333 0.0067 0.0292 0.0175 0.4092 
0.0458 0.0050 0.0467 0.0433 0.0508 0.0183 0.0225 0.0133 0.0433 0.0125 0.0417 0.0300 0.0242 0.0367 0.0408 0.0283 0.0333 0.0067 0.0292 0.0175 0.4092 
0.0458 0.0050 0.0467 0.0433 0.0508 0.0183 0.0225 0.0133 0.0433 0.0125 0.0417 0.0300 0.0242 0.0367 0.0408 0.0283 0.0333 0.0067 0.0292 0.0175 0.4092 
0.0458 0.0050 0.0467 0.0433 0.0508 0.0183 0.0225 0.0133 0.0433 0.0125 0.0417 0.0300 0.0242 0.0367 0.0408 0.0283 0.0333 0.0067 0.0292 0.0175 0.4092 
0.0458 0.0050 0.0467 0.0433 0.0508 0.0183 0.0225 0.0133 0.0433 0.0125 0.0417 0.0300 0.0242 0.0367 0.0408 0.0283 0.0333 0.0067 0.0292 0.0175 0.4092 
0.0458 0.0050 0.0467 0.0433 0.0508 0.0183 0.0225 0.0133 0.0433 0.0125 0.0417 0.0300 0.0242 0.0367 0.0408 0.0283 0.0333 0.0067 0.0292 0.0175 0.4092 
0.0458 0.0050 0.0467 0.0433 0.0508 0.0183 0.0225 0.0133 0.0433 0.0125 0.0417 0.0300 0.0242 0.0367 0.0408 0.0283 0.0333 0.0067 0.0292 0.0175 0.4092 
0.0458 0.0050 0.0467 0.0433 0.0508 0.0183 0.0225 0.0133 0.0433 0.0125 0.0417 0.0300 0.0242 0.0367 0.0408 0.0283 0.0333 0.0067 0.0292 0.0175 0.4092 
0.0458 0.0050 0.0467 0.0433 0.0508 0.0183 0.0225 0.0133 0.0433 0.0125 0.0417 0.0300 0.0242 0.0367 0.0408 0.0283 0.0333 0.0067 0.0292 0.0175 0.4092 
0.0458 0.0050 0.0467 0.0433 0.0508 0.0183 0.0225 0.0133 0.0433 0.0125 0.0417 0.0300 0.0242 0.0367 0.0408 0.0283 0.0333 0.0067 0.0292 0.0175 0.4092 
0.0458 0.0050 0.0467 0.0433 0.0508 0.0183 0.0225 0.0133 0.0433 0.0125 0.0417 0.0300 0.0242 0.0367 0.0408 0.0283 0.0333 0.0067 0.0292 0.0175 0.4092 
0.0458 0.0050 0.0467 0.0433 0.0508 0.0183 0.0225 0.0133 0.0433 0.0125 0.0417 0.0300 0.0242 0.0367 0.0408 0.0283 0.0333 0.0067 0.0292 0.0175 0.4092 
0.0458 0.0050 0.0467 0.0433 0.0508 0.0183 0.0225 0.0133 0.0433 0.0125 0.0417 0.0300 0.0242 0.0367 0.0408 0.0283 0.0333 0.0067 0.0292 0.0175 0.4092 
0.0458 0.0050 0.0467 0.0433 0.0508 0.0183 0.0225 0.0133 0.0433 0.0125 0.0417 0.0300 0.0242 0.0367 0.0408 0.0283 0.0333 0.0067 0.0292 0.0175 0.4092 
0.0458 0.0050 0.0467 0.0433 0.0508 0.0183 0.0225 0.0133 0.0433 0.0125 0.0417 0.0300 0.0242 0.0367 0.0408 0.0283 0.0333 0.0067 0.0292 0.0175 0.4092 
0.0458 0.0050 0.0467 0.0433 0.0508 0.0183 0.0225 0.0133 0.0433 0.0125 0.0417 0.0300 0.0242 0.0367 0.0408 0.0283 0.0333 0.0067 0.0292 0.0175 0.4092 
0.0458 0.0050 0.0467 0.0433 0.0508 0.0183 0.0225 0.0133 0.0433 0.0125 0.0417 0.0300 0.0242 0.0367 0.0408 0.0283 0.0333 0.0067 0.0292 0.0175 0.4092 
0.0458 0.0050 0.0467 0.0433 0.0508 0.0183 0.0225 0.0133 0.0433 0.0125 0.0417 0.0300 0.0242 0.0367 0.0408 0.0283 0.0333 0.0067 0.0292 0.0175 0.4092 
0.0458 0.0050 0.0467 0.0433 0.0508 0.0183 0.0225 0.0133 0.0433 0.0125 0.0417 0.0300 0.0242 0.0367 0.0408 0.0283 0.0333 0.0067 0.0292 0.0175 0.4092 
0.0458 0.0050 0.0467 0.0433 0.0508 0.0183 0.0225 0.0133 0.0433 0.0125 0.0417 0.0300 0.0242 0.0367 0.0408 0.0283 0.0333 0.0067 0.0292 0.0175 0.4092 
0.0458 0.0050 0.0467 0.0433 0.0508 0.0183 0.0225 0.0133 0.0433 0.0125 0.0417 0.0300 0.0242 0.0367 0.0408 0.0283 0.0333 0.0067 0.0292 0.0175 0.4092 
0.0458 0.0050 0.0467 0.0433 0.0508 0.0183 0.0225 0.0133 0.0433 0.0125 0.0417 0.0300 0.0242 0.0367 0.0408 0.0283 0.0333 0.0067 0.0292 0.0175 0.4092 
0.0458 0.0050 0.0467 0.0433 0.0508 0.0183 0.0225 0.0133 0.0433 0.0125 0.0417 0.0300 0.0242 0.0367 0.0408 0.0283 0.0333 0.0067 0.0292 0.0175 0.4092 
0.0458 0.0050 0.0467 0.0433 0.0508 0.0183 0.0225 0.0133 0.0433 0.0125 0.0417 0.0300 0.0242 0.0367 0.0408 0.0283 0.0333 0.0067 0.0292 0.0175 0.4092 
0.0458 0.0050 0.0467 0.0433 0.0508 0.0183 0.0225 0.0133 0.0433 0.0125 0.0417 0.0300 0.0242 0.0367 0.0408 0.0283 0.0333 0.0067 0.0292 0.0175 0.4092 
0.0458 0.0050 0.0467 0.0433 0.0508 0.0183 0.0225 0.0133 0.0433 0.0125 0.0417 0.0300 0.0242 0.0367 0.0408 0.0283 0.0333 0.0067 0.0292 0.0175 0.4092 
0.0458 0.0050 0.0467 0.0433 0.0508 0.0183 0.0225 0.0133 0.0433 0.0125 0.0417 0.0300 0.0242 0.0367 0.0408 0.0283 0.0333 0.0067 0.0292 0.0175 0.4092 
0.0458 0.0050 0.0467 0.0433 0.0508 0.0183 0.0225 0.0133 0.0433 0.0125 0.0417 0.0300 0.0242 0.0367 0.0408 0.0283 0.0333 0.0067 0.0292 0.0175 0.4092 
0.0458 0.0050 0.0467 0.0433 0.0508 0.0183 0.0225 0.0133 0.0433 0.0125 0.0417 0.0300 0.0242 0.0367 0.0408 0.0283 0.0333 0.0067 0.0292 0.0175 0.4092 
0.0458 0.0050 0.0467 0.0433 0.0508 0.0183 0.0225 0.0133 0.0433 0.0125 0.0417 0.0300 0.0242 0.0367 0.0408 0.0283 0.0333 0.0067 0.0292 0.0175 0.4092 
0.0458 0.0050 0.0467 0.0433 0.0508 0.0183 0.0225 0.0133 0.0433 0.0125 0.0417 0.0300 0.0242 0.0367 0.0408 0.0283 0.0333 0.0067 0.0292 0.0175 0.4092 
0.0458 0.0050 0.0467 0.0433 0.0508 0.0183 0.0225 0.0133 0.0433 0.0125 0.0417 0.0300 0.0242 0.0367 0.0408 0.0283 0.0333 0.0067 0.0292 0.0175 0.4092 
0.0458 0.0050 0.0467 0.0433 0.0508 0.0183 0.0225 0.0133 0.0433 0.0125 0.0417 0.0300 0.0242 0.0367 0.0408 0.0283 0.0333 0.0067 0.0292 0.0175 0.4092 
0.0458 0.0050 0.0467 0.0433 0.0508 0.0183 0.0225 0.0133 0.0433 0.0125 0.0417 0.0300 0.0242 0.0367 0.0408 0.0283 0.0333 0.0067 0.0292 0.0175 0.4092 
0.0458 0.0050 0.0467 0.0433 0.0508 0.0183 0.0225 0.0133 0.0433 0.0125 0.0417 0.0300 0.0242 0.0367 0.0408 0.0283 0.0333 0.0067 0.0292 0.0175 0.4092 
0.0458 0.0050 0.0467 0.0433 0.0508 0.0183 0.0225 0.0133 0.0433 0.0125 0.0417 0.0300 0.0242 0.0367 0.0408 0.0283 0.0333 0.0067 0.0292 0.0175 0.4092 
0.0458 0.0050 0.0467 0.0433 0.0508 0.0183 0.0225 0.0133 0.0433 0.0125 0.0417 0.0300 0.0242 0.0367 0.0408 0.0283 0.0333 0.0067 0.0292 0.0175 0.4092 
0.0458 0.0050 0.0467 0.0433 0.0508 0.0183 0.0225 0.0133 0.0433 0.0125 0.0417 0.0300 0.0242 0.0367 0.0408 0.0283 0.0333 0.0067 0.0292 0.0175 0.4092 
0.0458 0.0050 0.0467 0.0433 0.0508 0.0183 0.0225 0.0133 0.0433 0.0125 0.0417 0.0300 0.0242 0.0367 0.0408 0.0283 0.0333 0.0067 0.0292 0.0175 0.4092 
0.0353 0.0062 0.0166 0.0094 0.0114 0.0395 0.0759 0.0073 0.0177 0.0322 0.5158 0.0094 0.0135 0.0114 0.0156 0.0177 0.0208 0.0062 0.0665 0.0187 0.0520 
0.0724 0.0080 0.0370 0.0402 0.0434 0.0097 0.0145 0.0113 0.0322 0.0080 0.0241 0.0370 0.0225 0.0257 0.4064 0.0257 0.0660 0.0032 0.0257 0.0113 0.0788 
0.0332 0.0032 0.0759 0.4845 0.0332 0.0063 0.0079 0.0127 0.0332 0.0047 0.0142 0.0490 0.0253 0.0206 0.0395 0.0221 0.0269 0.0032 0.0127 0.0095 0.0822 
0.0563 0.0105 0.0183 0.0105 0.0131 0.0249 0.1073 0.0065 0.0183 0.0170 0.0837 0.0105 0.0131 0.0144 0.0209 0.0144 0.0366 0.0052 0.4584 0.0157 0.0458 
0.0257 0.0051 0.0180 0.0154 0.0154 0.0849 0.0257 0.0206 0.0180 0.0103 0.0463 0.0180 0.0129 0.0103 0.0180 0.0206 0.0180 0.0206 0.0309 0.5113 0.0540 
0.0391 0.0016 0.0563 0.0328 0.0250 0.0078 0.0156 0.0156 0.4215 0.0078 0.0266 0.0328 0.0375 0.0235 0.0313 0.0750 0.0313 0.0031 0.0219 0.0109 0.0813 
0.0339 0.0065 0.0145 0.0081 0.0097 0.0291 0.4493 0.0065 0.0161 0.0242 0.1179 0.0097 0.0113 0.0129 0.0145 0.0145 0.0258 0.0065 0.1324 0.0161 0.0436 
0.0548 0.0066 0.0349 0.0282 0.0266 0.0116 0.0266 0.0100 0.0332 0.0116 0.0332 0.0266 0.0216 0.0216 0.0681 0.0249 0.4290 0.0050 0.0465 0.0116 0.0664 
0.0353 0.0062 0.0166 0.0094 0.0114 0.0395 0.0759 0.0073 0.0177 0.0322 0.5158 0.0094 0.0135 0.0114 0.0156 0.0177 0.0208 0.0062 0.0665 0.0187 0.0520 
0.0724 0.0080 0.0370 0.0402 0.0434 0.0097 0.0145 0.0113 0.0322 0.0080 0.0241 0.0370 0.0225 0.0257 0.4064 0.0257 0.0660 0.0032 0.0257 0.0113 0.0788 
0.0724 0.0080 0.0370 0.0402 0.0434 0.0097 0.0145 0.0113 0.0322 0.0080 0.0241 0.0370 0.0225 0.0257 0.4064 0.0257 0.0660 0.0032 0.0257 0.0113 0.0788 
0.0454 0.0039 0.0296 0.0257 0.0257 0.0079 0.0158 0.0079 0.0296 0.0059 0.0217 0.0178 0.0158 0.5498 0.0316 0.0197 0.0257 0.0039 0.0217 0.0079 0.0869 
0.0353 0.0062 0.0166 0.0094 0.0114 0.0395 0.0759 0.0073 0.0177 0.0322 0.5158 0.0094 0.0135 0.0114 0.0156 0.0177 0.0208 0.0062 0.0665 0.0187 0.0520 
0.4640 0.0111 0.0355 0.0233 0.0466 0.0133 0.0233 0.0089 0.0277 0.0111 0.0377 0.0189 0.0211 0.0255 0.0499 0.0211 0.0366 0.0044 0.0477 0.0111 0.0610 
0.0436 0.0087 0.0175 0.0131 0.0131 0.0349 0.0654 0.0087 0.0218 0.3761 0.1353 0.0131 0.0175 0.0131 0.0218 0.0218 0.0305 0.0087 0.0567 0.0175 0.0654 
0.0351 0.0037 0.0407 0.0259 0.0240 0.0092 0.0166 0.0166 0.0887 0.0092 0.0314 0.0259 0.0333 0.0185 0.0296 0.4623 0.0277 0.0055 0.0203 0.0148 0.0628 
0.0724 0.0080 0.0370 0.0402 0.0434 0.0097 0.0145 0.0113 0.0322 0.0080 0.0241 0.0370 0.0225 0.0257 0.4064 0.0257 0.0660 0.0032 0.0257 0.0113 0.0788 
0.0353 0.0062 0.0166 0.0094 0.0114 0.0395 0.0759 0.0073 0.0177 0.0322 0.5158 0.0094 0.0135 0.0114 0.0156 0.0177 0.0208 0.0062 0.0665 0.0187 0.0520 
0.0724 0.0080 0.0370 0.0402 0.0434 0.0097 0.0145 0.0113 0.0322 0.0080 0.0241 0.0370 0.0225 0.0257 0.4064 0.0257 0.0660 0.0032 0.0257 0.0113 0.0788 
0.0332 0.0032 0.0759 0.4845 0.0332 0.0063 0.0079 0.0127 0.0332 0.0047 0.0142 0.0490 0.0253 0.0206 0.0395 0.0221 0.0269 0.0032 0.0127 0.0095 0.0822 
0.0391 0.0016 0.0563 0.0328 0.0250 0.0078 0.0156 0.0156 0.4215 0.0078 0.0266 0.0328 0.0375 0.0235 0.0313 0.0750 0.0313 0.0031 0.0219 0.0109 0.0813 
0.0353 0.0062 0.0166 0.0094 0.0114 0.0395 0.0759 0.0073 0.0177 0.0322 0.5158 0.0094 0.0135 0.0114 0.0156 0.0177 0.0208 0.0062 0.0665 0.0187 0.0520 
0.0548 0.0066 0.0349 0.0282 0.0266 0.0116 0.0266 0.0100 0.0332 0.0116 0.0332 0.0266 0.0216 0.0216 0.0681 0.0249 0.4290 0.0050 0.0465 0.0116 0.0664 
0.0470 0.0049 0.0742 0.0396 0.0247 0.0099 0.0173 0.0198 0.0593 0.0099 0.0321 0.0321 0.3818 0.0198 0.0346 0.0445 0.0321 0.0049 0.0247 0.0124 0.0717 
0.0257 0.0051 0.0180 0.0154 0.0154 0.0849 0.0257 0.0206 0.0180 0.0103 0.0463 0.0180 0.0129 0.0103 0.0180 0.0206 0.0180 0.0206 0.0309 0.5113 0.0540 
0.0512 0.0037 0.0220 0.0256 0.6193 0.0061 0.0073 0.0073 0.0195 0.0037 0.0134 0.0256 0.0122 0.0159 0.0329 0.0159 0.0195 0.0024 0.0122 0.0073 0.0744 
0.0257 0.0051 0.0180 0.0154 0.0154 0.0849 0.0257 0.0206 0.0180 0.0103 0.0463 0.0180 0.0129 0.0103 0.0180 0.0206 0.0180 0.0206 0.0309 0.5113 0.0540 
0.0548 0.0066 0.0349 0.0282 0.0266 0.0116 0.0266 0.0100 0.0332 0.0116 0.0332 0.0266 0.0216 0.0216 0.0681 0.0249 0.4290 0.0050 0.0465 0.0116 0.0664 
0.0339 0.0065 0.0145 0.0081 0.0097 0.0291 0.4493 0.0065 0.0161 0.0242 0.1179 0.0097 0.0113 0.0129 0.0145 0.0145 0.0258 0.0065 0.1324 0.0161 0.0436 
0.0332 0.0032 0.0759 0.4845 0.0332 0.0063 0.0079 0.0127 0.0332 0.0047 0.0142 0.0490 0.0253 0.0206 0.0395 0.0221 0.0269 0.0032 0.0127 0.0095 0.0822 
0.4640 0.0111 0.0355 0.0233 0.0466 0.0133 0.0233 0.0089 0.0277 0.0111 0.0377 0.0189 0.0211 0.0255 0.0499 0.0211 0.0366 0.0044 0.0477 0.0111 0.0610 
0.0548 0.0066 0.0349 0.0282 0.0266 0.0116 0.0266 0.0100 0.0332 0.0116 0.0332 0.0266 0.0216 0.0216 0.0681 0.0249 0.4290 0.0050 0.0465 0.0116 0.0664 
0.0548 0.0066 0.0349 0.0282 0.0266 0.0116 0.0266 0.0100 0.0332 0.0116 0.0332 0.0266 0.0216 0.0216 0.0681 0.0249 0.4290 0.0050 0.0465 0.0116 0.0664 
0.0351 0.0037 0.0407 0.0259 0.0240 0.0092 0.0166 0.0166 0.0887 0.0092 0.0314 0.0259 0.0333 0.0185 0.0296 0.4623 0.0277 0.0055 0.0203 0.0148 0.0628 
0.0275 0.0069 0.0137 0.0092 0.0114 0.5032 0.0412 0.0114 0.0114 0.0183 0.0870 0.0114 0.0092 0.0092 0.0137 0.0114 0.0160 0.0160 0.0435 0.0755 0.0504 
0.0339 0.0065 0.0145 0.0081 0.0097 0.0291 0.4493 0.0065 0.0161 0.0242 0.1179 0.0097 0.0113 0.0129 0.0145 0.0145 0.0258 0.0065 0.1324 0.0161 0.0436 
0.0339 0.0065 0.0145 0.0081 0.0097 0.0291 0.4493 0.0065 0.0161 0.0242 0.1179 0.0097 0.0113 0.0129 0.0145 0.0145 0.0258 0.0065 0.1324 0.0161 0.0436 
0.0332 0.0032 0.0759 0.4845 0.0332 0.0063 0.0079 0.0127 0.0332 0.0047 0.0142 0.0490 0.0253 0.0206 0.0395 0.0221 0.0269 0.0032 0.0127 0.0095 0.0822 
0.0359 0.0042 0.0380 0.0654 0.0443 0.0105 0.0127 0.0211 0.0443 0.0063 0.0190 0.4283 0.0274 0.0190 0.0485 0.0295 0.0338 0.0042 0.0169 0.0148 0.0759 
0.0391 0.0016 0.0563 0.0328 0.0250 0.0078 0.0156 0.0156 0.4215 0.0078 0.0266 0.0328 0.0375 0.0235 0.0313 0.0750 0.0313 0.0031 0.0219 0.0109 0.0813 
0.0275 0.0069 0.0137 0.0092 0.0114 0.5032 0.0412 0.0114 0.0114 0.0183 0.0870 0.0114 0.0092 0.0092 0.0137 0.0114 0.0160 0.0160 0.0435 0.0755 0.0504 
0.0724 0.0080 0.0370 0.0402 0.0434 0.0097 0.0145 0.0113 0.0322 0.0080 0.0241 0.0370 0.0225 0.0257 0.4064 0.0257 0.0660 0.0032 0.0257 0.0113 0.0788 
0.0724 0.0080 0.0370 0.0402 0.0434 0.0097 0.0145 0.0113 0.0322 0.0080 0.0241 0.0370 0.0225 0.0257 0.4064 0.0257 0.0660 0.0032 0.0257 0.0113 0.0788 
0.0275 0.0069 0.0137 0.0092 0.0114 0.5032 0.0412 0.0114 0.0114 0.0183 0.0870 0.0114 0.0092 0.0092 0.0137 0.0114 0.0160 0.0160 0.0435 0.0755 0.0504 
0.0512 0.0037 0.0220 0.0256 0.6193 0.0061 0.0073 0.0073 0.0195 0.0037 0.0134 0.0256 0.0122 0.0159 0.0329 0.0159 0.0195 0.0024 0.0122 0.0073 0.0744 
0.0271 0.0068 0.0136 0.0136 0.0136 0.0474 0.0271 0.0136 0.0136 0.0136 0.0407 0.0136 0.0136 0.0136 0.0136 0.0203 0.0203 0.5596 0.0271 0.0542 0.0542 
0.0332 0.0032 0.0759 0.4845 0.0332 0.0063 0.0079 0.0127 0.0332 0.0047 0.0142 0.0490 0.0253 0.0206 0.0395 0.0221 0.0269 0.0032 0.0127 0.0095 0.0822 
0.4640 0.0111 0.0355 0.0233 0.0466 0.0133 0.0233 0.0089 0.0277 0.0111 0.0377 0.0189 0.0211 0.0255 0.0499 0.0211 0.0366 0.0044 0.0477 0.0111 0.0610 
0.0563 0.0105 0.0183 0.0105 0.0131 0.0249 0.1073 0.0065 0.0183 0.0170 0.0837 0.0105 0.0131 0.0144 0.0209 0.0144 0.0366 0.0052 0.4584 0.0157 0.0458 
0.0454 0.0039 0.0296 0.0257 0.0257 0.0079 0.0158 0.0079 0.0296 0.0059 0.0217 0.0178 0.0158 0.5498 0.0316 0.0197 0.0257 0.0039 0.0217 0.0079 0.0869 
0.0351 0.0037 0.0407 0.0259 0.0240 0.0092 0.0166 0.0166 0.0887 0.0092 0.0314 0.0259 0.0333 0.0185 0.0296 0.4623 0.0277 0.0055 0.0203 0.0148 0.0628 
0.0454 0.0039 0.0296 0.0257 0.0257 0.0079 0.0158 0.0079 0.0296 0.0059 0.0217 0.0178 0.0158 0.5498 0.0316 0.0197 0.0257 0.0039 0.0217 0.0079 0.0869 
0.4640 0.0111 0.0355 0.0233 0.0466 0.0133 0.0233 0.0089 0.0277 0.0111 0.0377 0.0189 0.0211 0.0255 0.0499 0.0211 0.0366 0.0044 0.0477 0.0111 0.0610 
0.0452 0.0028 0.4506 0.0678 0.0254 0.0085 0.0127 0.0127 0.0508 0.0056 0.0226 0.0254 0.0424 0.0212 0.0325 0.0311 0.0297 0.0028 0.0198 0.0099 0.0791 
0.0724 0.0080 0.0370 0.0402 0.0434 0.0097 0.0145 0.0113 0.0322 0.0080 0.0241 0.0370 0.0225 0.0257 0.4064 0.0257 0.0660 0.0032 0.0257 0.0113 0.0788 
0.0275 0.0069 0.0137 0.0092 0.0114 0.5032 0.0412 0.0114 0.0114 0.0183 0.0870 0.0114 0.0092 0.0092 0.0137 0.0114 0.0160 0.0160 0.0435 0.0755 0.0504 
0.0452 0.0028 0.4506 0.0678 0.0254 0.0085 0.0127 0.0127 0.0508 0.0056 0.0226 0.0254 0.0424 0.0212 0.0325 0.0311 0.0297 0.0028 0.0198 0.0099 0.0791 
0.0257 0.0051 0.0180 0.0154 0.0154 0.0849 0.0257 0.0206 0.0180 0.0103 0.0463 0.0180 0.0129 0.0103 0.0180 0.0206 0.0180 0.0206 0.0309 0.5113 0.0540 
0.0332 0.0032 0.0759 0.4845 0.0332 0.0063 0.0079 0.0127 0.0332 0.0047 0.0142 0.0490 0.0253 0.0206 0.0395 0.0221 0.0269 0.0032 0.0127 0.0095 0.0822 
0.0646 0.5478 0.0129 0.0129 0.0194 0.0194 0.0258 0.0065 0.0065 0.0129 0.0388 0.0129 0.0129 0.0129 0.0323 0.0129 0.0258 0.0065 0.0517 0.0129 0.0388 
0.0512 0.0037 0.0220 0.0256 0.6193 0.0061 0.0073 0.0073 0.0195 0.0037 0.0134 0.0256 0.0122 0.0159 0.0329 0.0159 0.0195 0.0024 0.0122 0.0073 0.0744 
0.0563 0.0105 0.0183 0.0105 0.0131 0.0249 0.1073 0.0065 0.0183 0.0170 0.0837 0.0105 0.0131 0.0144 0.0209 0.0144 0.0366 0.0052 0.4584 0.0157 0.0458 
0.4640 0.0111 0.0355 0.0233 0.0466 0.0133 0.0233 0.0089 0.0277 0.0111 0.0377 0.0189 0.0211 0.0255 0.0499 0.0211 0.0366 0.0044 0.0477 0.0111 0.0610 
0.0332 0.0032 0.0759 0.4845 0.0332 0.0063 0.0079 0.0127 0.0332 0.0047 0.0142 0.0490 0.0253 0.0206 0.0395 0.0221 0.0269 0.0032 0.0127 0.0095 0.0822 
0.0436 0.0087 0.0175 0.0131 0.0131 0.0349 0.0654 0.0087 0.0218 0.3761 0.1353 0.0131 0.0175 0.0131 0.0218 0.0218 0.0305 0.0087 0.0567 0.0175 0.0654 
0.0724 0.0080 0.0370 0.0402 0.0434 0.0097 0.0145 0.0113 0.0322 0.0080 0.0241 0.0370 0.0225 0.0257 0.4064 0.0257 0.0660 0.0032 0.0257 0.0113 0.0788 
0.0271 0.0068 0.0136 0.0136 0.0136 0.0474 0.0271 0.0136 0.0136 0.0136 0.0407 0.0136 0.0136 0.0136 0.0136 0.0203 0.0203 0.5596 0.0271 0.0542 0.0542 
0.0454 0.0039 0.0296 0.0257 0.0257 0.0079 0.0158 0.0079 0.0296 0.0059 0.0217 0.0178 0.0158 0.5498 0.0316 0.0197 0.0257 0.0039 0.0217 0.0079 0.0869 
0.0470 0.0049 0.0742 0.0396 0.0247 0.0099 0.0173 0.0198 0.0593 0.0099 0.0321 0.0321 0.3818 0.0198 0.0346 0.0445 0.0321 0.0049 0.0247 0.0124 0.0717 
0.0257 0.0051 0.0180 0.0154 0.0154 0.0849 0.0257 0.0206 0.0180 0.0103 0.0463 0.0180 0.0129 0.0103 0.0180 0.0206 0.0180 0.0206 0.0309 0.5113 0.0540 
0.0359 0.0042 0.0380 0.0654 0.0443 0.0105 0.0127 0.0211 0.0443 0.0063 0.0190 0.4283 0.0274 0.0190 0.0485 0.0295 0.0338 0.0042 0.0169 0.0148 0.0759 
0.0339 0.0065 0.0145 0.0081 0.0097 0.0291 0.4493 0.0065 0.0161 0.0242 0.1179 0.0097 0.0113 0.0129 0.0145 0.0145 0.0258 0.0065 0.1324 0.0161 0.0436 
0.0436 0.0087 0.0175 0.0131 0.0131 0.0349 0.0654 0.0087 0.0218 0.3761 0.1353 0.0131 0.0175 0.0131 0.0218 0.0218 0.0305 0.0087 0.0567 0.0175 0.0654 
0.4640 0.0111 0.0355 0.0233 0.0466 0.0133 0.0233 0.0089 0.0277 0.0111 0.0377 0.0189 0.0211 0.0255 0.0499 0.0211 0.0366 0.0044 0.0477 0.0111 0.0610 
0.0275 0.0069 0.0137 0.0092 0.0114 0.5032 0.0412 0.0114 0.0114 0.0183 0.0870 0.0114 0.0092 0.0092 0.0137 0.0114 0.0160 0.0160 0.0435 0.0755 0.0504 
0.0332 0.0032 0.0759 0.4845 0.0332 0.0063 0.0079 0.0127 0.0332 0.0047 0.0142 0.0490 0.0253 0.0206 0.0395 0.0221 0.0269 0.0032 0.0127 0.0095 0.0822 
0.0339 0.0065 0.0145 0.0081 0.0097 0.0291 0.4493 0.0065 0.0161 0.0242 0.1179 0.0097 0.0113 0.0129 0.0145 0.0145 0.0258 0.0065 0.1324 0.0161 0.0436 
0.0452 0.0028 0.4506 0.0678 0.0254 0.0085 0.0127 0.0127 0.0508 0.0056 0.0226 0.0254 0.0424 0.0212 0.0325 0.0311 0.0297 0.0028 0.0198 0.0099 0.0791 
0.0646 0.5478 0.0129 0.0129 0.0194 0.0194 0.0258 0.0065 0.0065 0.0129 0.0388 0.0129 0.0129 0.0129 0.0323 0.0129 0.0258 0.0065 0.0517 0.0129 0.0388 
0.0353 0.0062 0.0166 0.0094 0.0114 0.0395 0.0759 0.0073 0.0177 0.0322 0.5158 0.0094 0.0135 0.0114 0.0156 0.0177 0.0208 0.0062 0.0665 0.0187 0.0520 
0.0512 0.0037 0.0220 0.0256 0.6193 0.0061 0.0073 0.0073 0.0195 0.0037 0.0134 0.0256 0.0122 0.0159 0.0329 0.0159 0.0195 0.0024 0.0122 0.0073 0.0744 
0.0548 0.0066 0.0349 0.0282 0.0266 0.0116 0.0266 0.0100 0.0332 0.0116 0.0332 0.0266 0.0216 0.0216 0.0681 0.0249 0.4290 0.0050 0.0465 0.0116 0.0664 
0.0548 0.0066 0.0349 0.0282 0.0266 0.0116 0.0266 0.0100 0.0332 0.0116 0.0332 0.0266 0.0216 0.0216 0.0681 0.0249 0.4290 0.0050 0.0465 0.0116 0.0664 
0.0512 0.0037 0.0220 0.0256 0.6193 0.0061 0.0073 0.0073 0.0195 0.0037 0.0134 0.0256 0.0122 0.0159 0.0329 0.0159 0.0195 0.0024 0.0122 0.0073 0.0744 
0.0275 0.0069 0.0137 0.0092 0.0114 0.5032 0.0412 0.0114 0.0114 0.0183 0.0870 0.0114 0.0092 0.0092 0.0137 0.0114 0.0160 0.0160 0.0435 0.0755 0.0504 
0.0454 0.0039 0.0296 0.0257 0.0257 0.0079 0.0158 0.0079 0.0296 0.0059 0.0217 0.0178 0.0158 0.5498 0.0316 0.0197 0.0257 0.0039 0.0217 0.0079 0.0869 
0.0563 0.0105 0.0183 0.0105 0.0131 0.0249 0.1073 0.0065 0.0183 0.0170 0.0837 0.0105 0.0131 0.0144 0.0209 0.0144 0.0366 0.0052 0.4584 0.0157 0.0458 
0.4640 0.0111 0.0355 0.0233 0.0466 0.0133 0.0233 0.0089 0.0277 0.0111 0.0377 0.0189 0.0211 0.0255 0.0499 0.0211 0.0366 0.0044 0.0477 0.0111 0.0610 
0.0724 0.0080 0.0370 0.0402 0.0434 0.0097 0.0145 0.0113 0.0322 0.0080 0.0241 0.0370 0.0225 0.0257 0.4064 0.0257 0.0660 0.0032 0.0257 0.0113 0.0788 
0.0351 0.0037 0.0407 0.0259 0.0240 0.0092 0.0166 0.0166 0.0887 0.0092 0.0314 0.0259 0.0333 0.0185 0.0296 0.4623 0.0277 0.0055 0.0203 0.0148 0.0628 
0.0332 0.0032 0.0759 0.4845 0.0332 0.0063 0.0079 0.0127 0.0332 0.0047 0.0142 0.0490 0.0253 0.0206 0.0395 0.0221 0.0269 0.0032 0.0127 0.0095 0.0822 
0.0452 0.0028 0.4506 0.0678 0.0254 0.0085 0.0127 0.0127 0.0508 0.0056 0.0226 0.0254 0.0424 0.0212 0.0325 0.0311 0.0297 0.0028 0.0198 0.0099 0.0791 
0.0332 0.0032 0.0759 0.4845 0.0332 0.0063 0.0079 0.0127 0.0332 0.0047 0.0142 0.0490 0.0253 0.0206 0.0395 0.0221 0.0269 0.0032 0.0127 0.0095 0.0822 
0.0436 0.0087 0.0175 0.0131 0.0131 0.0349 0.0654 0.0087 0.0218 0.3761 0.1353 0.0131 0.0175 0.0131 0.0218 0.0218 0.0305 0.0087 0.0567 0.0175 0.0654 
0.0339 0.0065 0.0145 0.0081 0.0097 0.0291 0.4493 0.0065 0.0161 0.0242 0.1179 0.0097 0.0113 0.0129 0.0145 0.0145 0.0258 0.0065 0.1324 0.0161 0.0436 
0.0339 0.0065 0.0145 0.0081 0.0097 0.0291 0.4493 0.0065 0.0161 0.0242 0.1179 0.0097 0.0113 0.0129 0.0145 0.0145 0.0258 0.0065 0.1324 0.0161 0.0436 
0.0470 0.0049 0.0742 0.0396 0.0247 0.0099 0.0173 0.0198 0.0593 0.0099 0.0321 0.0321 0.3818 0.0198 0.0346 0.0445 0.0321 0.0049 0.0247 0.0124 0.0717 
0.0339 0.0065 0.0145 0.0081 0.0097 0.0291 0.4493 0.0065 0.0161 0.0242 0.1179 0.0097 0.0113 0.0129 0.0145 0.0145 0.0258 0.0065 0.1324 0.0161 0.0436 
0.0724 0.0080 0.0370 0.0402 0.0434 0.0097 0.0145 0.0113 0.0322 0.0080 0.0241 0.0370 0.0225 0.0257 0.4064 0.0257 0.0660 0.0032 0.0257 0.0113 0.0788 
0.0646 0.5478 0.0129 0.0129 0.0194 0.0194 0.0258 0.0065 0.0065 0.0129 0.0388 0.0129 0.0129 0.0129 0.0323 0.0129 0.0258 0.0065 0.0517 0.0129 0.0388 
0.0563 0.0105 0.0183 0.0105 0.0131 0.0249 0.1073 0.0065 0.0183 0.0170 0.0837 0.0105 0.0131 0.0144 0.0209 0.0144 0.0366 0.0052 0.4584 0.0157 0.0458 
0.0458 0.0050 0.0467 0.0433 0.0508 0.0183 0.0225 0.0133 0.0433 0.0125 0.0417 0.0300 0.0242 0.0367 0.0408 0.0283 0.0333 0.0067 0.0292 0.0175 0.4092 
0.0458 0.0050 0.0467 0.0433 0.0508 0.0183 0.0225 0.0133 0.0433 0.0125 0.0417 0.0300 0.0242 0.0367 0.0408 0.0283 0.0333 0.0067 0.0292 0.0175 0.4092 
0.0458 0.0050 0.0467 0.0433 0.0508 0.0183 0.0225 0.0133 0.0433 0.0125 0.0417 0.0300 0.0242 0.0367 0.0408 0.0283 0.0333 0.0067 0.0292 0.0175 0.4092 
0.0458 0.0050 0.0467 0.0433 0.0508 0.0183 0.0225 0.0133 0.0433 0.0125 0.0417 0.0300 0.0242 0.0367 0.0408 0.0283 0.0333 0.0067 0.0292 0.0175 0.4092 
0.0458 0.0050 0.0467 0.0433 0.0508 0.0183 0.0225 0.0133 0.0433 0.0125 0.0417 0.0300 0.0242 0.0367 0.0408 0.0283 0.0333 0.0067 0.0292 0.0175 0.4092 
0.0458 0.0050 0.0467 0.0433 0.0508 0.0183 0.0225 0.0133 0.0433 0.0125 0.0417 0.0300 0.0242 0.0367 0.0408 0.0283 0.0333 0.0067 0.0292 0.0175 0.4092 
0.0458 0.0050 0.0467 0.0433 0.0508 0.0183 0.0225 0.0133 0.0433 0.0125 0.0417 0.0300 0.0242 0.0367 0.0408 0.0283 0.0333 0.0067 0.0292 0.0175 0.4092 
0.0458 0.0050 0.0467 0.0433 0.0508 0.0183 0.0225 0.0133 0.0433 0.0125 0.0417 0.0300 0.0242 0.0367 0.0408 0.0283 0.0333 0.0067 0.0292 0.0175 0.4092 
0.0339 0.0065 0.0145 0.0081 0.0097 0.0291 0.4493 0.0065 0.0161 0.0242 0.1179 0.0097 0.0113 0.0129 0.0145 0.0145 0.0258 0.0065 0.1324 0.0161 0.0436 
0.0271 0.0068 0.0136 0.0136 0.0136 0.0474 0.0271 0.0136 0.0136 0.0136 0.0407 0.0136 0.0136 0.0136 0.0136 0.0203 0.0203 0.5596 0.0271 0.0542 0.0542 
0.0454 0.0039 0.0296 0.0257 0.0257 0.0079 0.0158 0.0079 0.0296 0.0059 0.0217 0.0178 0.0158 0.5498 0.0316 0.0197 0.0257 0.0039 0.0217 0.0079 0.0869 
0.0563 0.0105 0.0183 0.0105 0.0131 0.0249 0.1073 0.0065 0.0183 0.0170 0.0837 0.0105 0.0131 0.0144 0.0209 0.0144 0.0366 0.0052 0.4584 0.0157 0.0458 
0.0512 0.0037 0.0220 0.0256 0.6193 0.0061 0.0073 0.0073 0.0195 0.0037 0.0134 0.0256 0.0122 0.0159 0.0329 0.0159 0.0195 0.0024 0.0122 0.0073 0.0744 
0.0724 0.0080 0.0370 0.0402 0.0434 0.0097 0.0145 0.0113 0.0322 0.0080 0.0241 0.0370 0.0225 0.0257 0.4064 0.0257 0.0660 0.0032 0.0257 0.0113 0.0788 
0.0458 0.0050 0.0467 0.0433 0.0508 0.0183 0.0225 0.0133 0.0433 0.0125 0.0417 0.0300 0.0242 0.0367 0.0408 0.0283 0.0333 0.0067 0.0292 0.0175 0.4092 
0.0512 0.0037 0.0220 0.0256 0.6193 0.0061 0.0073 0.0073 0.0195 0.0037 0.0134 0.0256 0.0122 0.0159 0.0329 0.0159 0.0195 0.0024 0.0122 0.0073 0.0744 
0.0458 0.0050 0.0467 0.0433 0.0508 0.0183 0.0225 0.0133 0.0433 0.0125 0.0417 0.0300 0.0242 0.0367 0.0408 0.0283 0.0333 0.0067 0.0292 0.0175 0.4092 
0.0458 0.0050 0.0467 0.0433 0.0508 0.0183 0.0225 0.0133 0.0433 0.0125 0.0417 0.0300 0.0242 0.0367 0.0408 0.0283 0.0333 0.0067 0.0292 0.0175 0.4092 
0.0458 0.0050 0.0467 0.0433 0.0508 0.0183 0.0225 0.0133 0.0433 0.0125 0.0417 0.0300 0.0242 0.0367 0.0408 0.0283 0.0333 0.0067 0.0292 0.0175 0.4092 
0.0458 0.0050 0.0467 0.0433 0.0508 0.0183 0.0225 0.0133 0.0433 0.0125 0.0417 0.0300 0.0242 0.0367 0.0408 0.0283 0.0333 0.0067 0.0292 0.0175 0.4092 
0.0458 0.0050 0.0467 0.0433 0.0508 0.0183 0.0225 0.0133 0.0433 0.0125 0.0417 0.0300 0.0242 0.0367 0.0408 0.0283 0.0333 0.0067 0.0292 0.0175 0.4092 
0.0458 0.0050 0.0467 0.0433 0.0508 0.0183 0.0225 0.0133 0.0433 0.0125 0.0417 0.0300 0.0242 0.0367 0.0408 0.0283 0.0333 0.0067 0.0292 0.0175 0.4092 
0.0458 0.0050 0.0467 0.0433 0.0508 0.0183 0.0225 0.0133 0.0433 0.0125 0.0417 0.0300 0.0242 0.0367 0.0408 0.0283 0.0333 0.0067 0.0292 0.0175 0.4092 
0.0452 0.0028 0.4506 0.0678 0.0254 0.0085 0.0127 0.0127 0.0508 0.0056 0.0226 0.0254 0.0424 0.0212 0.0325 0.0311 0.0297 0.0028 0.0198 0.0099 0.0791 
0.0391 0.0016 0.0563 0.0328 0.0250 0.0078 0.0156 0.0156 0.4215 0.0078 0.0266 0.0328 0.0375 0.0235 0.0313 0.0750 0.0313 0.0031 0.0219 0.0109 0.0813 
0.0458 0.0050 0.0467 0.0433 0.0508 0.0183 0.0225 0.0133 0.0433 0.0125 0.0417 0.0300 0.0242 0.0367 0.0408 0.0283 0.0333 0.0067 0.0292 0.0175 0.4092 
0.0452 0.0028 0.4506 0.0678 0.0254 0.0085 0.0127 0.0127 0.0508 0.0056 0.0226 0.0254 0.0424 0.0212 0.0325 0.0311 0.0297 0.0028 0.0198 0.0099 0.0791 
0.0646 0.5478 0.0129 0.0129 0.0194 0.0194 0.0258 0.0065 0.0065 0.0129 0.0388 0.0129 0.0129 0.0129 0.0323 0.0129 0.0258 0.0065 0.0517 0.0129 0.0388 
0.0339 0.0065 0.0145 0.0081 0.0097 0.0291 0.4493 0.0065 0.0161 0.0242 0.1179 0.0097 0.0113 0.0129 0.0145 0.0145 0.0258 0.0065 0.1324 0.0161 0.0436 
0.0353 0.0062 0.0166 0.0094 0.0114 0.0395 0.0759 0.0073 0.0177 0.0322 0.5158 0.0094 0.0135 0.0114 0.0156 0.0177 0.0208 0.0062 0.0665 0.0187 0.0520 
0.0353 0.0062 0.0166 0.0094 0.0114 0.0395 0.0759 0.0073 0.0177 0.0322 0.5158 0.0094 0.0135 0.0114 0.0156 0.0177 0.0208 0.0062 0.0665 0.0187 0.0520 
0.0548 0.0066 0.0349 0.0282 0.0266 0.0116 0.0266 0.0100 0.0332 0.0116 0.0332 0.0266 0.0216 0.0216 0.0681 0.0249 0.4290 0.0050 0.0465 0.0116 0.0664 
0.0563 0.0105 0.0183 0.0105 0.0131 0.0249 0.1073 0.0065 0.0183 0.0170 0.0837 0.0105 0.0131 0.0144 0.0209 0.0144 0.0366 0.0052 0.4584 0.0157 0.0458 
0.0512 0.0037 0.0220 0.0256 0.6193 0.0061 0.0073 0.0073 0.0195 0.0037 0.0134 0.0256 0.0122 0.0159 0.0329 0.0159 0.0195 0.0024 0.0122 0.0073 0.0744 
0.4640 0.0111 0.0355 0.0233 0.0466 0.0133 0.0233 0.0089 0.0277 0.0111 0.0377 0.0189 0.0211 0.0255 0.0499 0.0211 0.0366 0.0044 0.0477 0.0111 0.0610 
0.0646 0.5478 0.0129 0.0129 0.0194 0.0194 0.0258 0.0065 0.0065 0.0129 0.0388 0.0129 0.0129 0.0129 0.0323 0.0129 0.0258 0.0065 0.0517 0.0129 0.0388 
0.0332 0.0032 0.0759 0.4845 0.0332 0.0063 0.0079 0.0127 0.0332 0.0047 0.0142 0.0490 0.0253 0.0206 0.0395 0.0221 0.0269 0.0032 0.0127 0.0095 0.0822 
0.0724 0.0080 0.0370 0.0402 0.0434 0.0097 0.0145 0.0113 0.0322 0.0080 0.0241 0.0370 0.0225 0.0257 0.4064 0.0257 0.0660 0.0032 0.0257 0.0113 0.0788 
0.0339 0.0065 0.0145 0.0081 0.0097 0.0291 0.4493 0.0065 0.0161 0.0242 0.1179 0.0097 0.0113 0.0129 0.0145 0.0145 0.0258 0.0065 0.1324 0.0161 0.0436 
0.0458 0.0050 0.0467 0.0433 0.0508 0.0183 0.0225 0.0133 0.0433 0.0125 0.0417 0.0300 0.0242 0.0367 0.0408 0.0283 0.0333 0.0067 0.0292 0.0175 0.4092 
0.0452 0.0028 0.4506 0.0678 0.0254 0.0085 0.0127 0.0127 0.0508 0.0056 0.0226 0.0254 0.0424 0.0212 0.0325 0.0311 0.0297 0.0028 0.0198 0.0099 0.0791 
0.0512 0.0037 0.0220 0.0256 0.6193 0.0061 0.0073 0.0073 0.0195 0.0037 0.0134 0.0256 0.0122 0.0159 0.0329 0.0159 0.0195 0.0024 0.0122 0.0073 0.0744 
0.0548 0.0066 0.0349 0.0282 0.0266 0.0116 0.0266 0.0100 0.0332 0.0116 0.0332 0.0266 0.0216 0.0216 0.0681 0.0249 0.4290 0.0050 0.0465 0.0116 0.0664 
0.4640 0.0111 0.0355 0.0233 0.0466 0.0133 0.0233 0.0089 0.0277 0.0111 0.0377 0.0189 0.0211 0.0255 0.0499 0.0211 0.0366 0.0044 0.0477 0.0111 0.0610 
0.0563 0.0105 0.0183 0.0105 0.0131 0.0249 0.1073 0.0065 0.0183 0.0170 0.0837 0.0105 0.0131 0.0144 0.0209 0.0144 0.0366 0.0052 0.4584 0.0157 0.0458 
0.0257 0.0051 0.0180 0.0154 0.0154 0.0849 0.0257 0.0206 0.0180 0.0103 0.0463 0.0180 0.0129 0.0103 0.0180 0.0206 0.0180 0.0206 0.0309 0.5113 0.0540 
0.0452 0.0028 0.4506 0.0678 0.0254 0.0085 0.0127 0.0127 0.0508 0.0056 0.0226 0.0254 0.0424 0.0212 0.0325 0.0311 0.0297 0.0028 0.0198 0.0099 0.0791 
0.0275 0.0069 0.0137 0.0092 0.0114 0.5032 0.0412 0.0114 0.0114 0.0183 0.0870 0.0114 0.0092 0.0092 0.0137 0.0114 0.0160 0.0160 0.0435 0.0755 0.0504 
0.0454 0.0039 0.0296 0.0257 0.0257 0.0079 0.0158 0.0079 0.0296 0.0059 0.0217 0.0178 0.0158 0.5498 0.0316 0.0197 0.0257 0.0039 0.0217 0.0079 0.0869 
0.0724 0.0080 0.0370 0.0402 0.0434 0.0097 0.0145 0.0113 0.0322 0.0080 0.0241 0.0370 0.0225 0.0257 0.4064 0.0257 0.0660 0.0032 0.0257 0.0113 0.0788 
0.0452 0.0028 0.4506 0.0678 0.0254 0.0085 0.0127 0.0127 0.0508 0.0056 0.0226 0.0254 0.0424 0.0212 0.0325 0.0311 0.0297 0.0028 0.0198 0.0099 0.0791 
0.0436 0.0087 0.0175 0.0131 0.0131 0.0349 0.0654 0.0087 0.0218 0.3761 0.1353 0.0131 0.0175 0.0131 0.0218 0.0218 0.0305 0.0087 0.0567 0.0175 0.0654 
0.0332 0.0032 0.0759 0.4845 0.0332 0.0063 0.0079 0.0127 0.0332 0.0047 0.0142 0.0490 0.0253 0.0206 0.0395 0.0221 0.0269 0.0032 0.0127 0.0095 0.0822 
0.0436 0.0087 0.0175 0.0131 0.0131 0.0349 0.0654 0.0087 0.0218 0.3761 0.1353 0.0131 0.0175 0.0131 0.0218 0.0218 0.0305 0.0087 0.0567 0.0175 0.0654 
0.0353 0.0062 0.0166 0.0094 0.0114 0.0395 0.0759 0.0073 0.0177 0.0322 0.5158 0.0094 0.0135 0.0114 0.0156 0.0177 0.0208 0.0062 0.0665 0.0187 0.0520 
0.0257 0.0051 0.0180 0.0154 0.0154 0.0849 0.0257 0.0206 0.0180 0.0103 0.0463 0.0180 0.0129 0.0103 0.0180 0.0206 0.0180 0.0206 0.0309 0.5113 0.0540 
0.4640 0.0111 0.0355 0.0233 0.0466 0.0133 0.0233 0.0089 0.0277 0.0111 0.0377 0.0189 0.0211 0.0255 0.0499 0.0211 0.0366 0.0044 0.0477 0.0111 0.0610 
0.0275 0.0069 0.0137 0.0092 0.0114 0.5032 0.0412 0.0114 0.0114 0.0183 0.0870 0.0114 0.0092 0.0092 0.0137 0.0114 0.0160 0.0160 0.0435 0.0755 0.0504 
0.0275 0.0069 0.0137 0.0092 0.0114 0.5032 0.0412 0.0114 0.0114 0.0183 0.0870 0.0114 0.0092 0.0092 0.0137 0.0114 0.0160 0.0160 0.0435 0.0755 0.0504 
0.0548 0.0066 0.0349 0.0282 0.0266 0.0116 0.0266 0.0100 0.0332 0.0116 0.0332 0.0266 0.0216 0.0216 0.0681 0.0249 0.4290 0.0050 0.0465 0.0116 0.0664 
0.0353 0.0062 0.0166 0.0094 0.0114 0.0395 0.0759 0.0073 0.0177 0.0322 0.5158 0.0094 0.0135 0.0114 0.0156 0.0177 0.0208 0.0062 0.0665 0.0187 0.0520 
0.0353 0.0062 0.0166 0.0094 0.0114 0.0395 0.0759 0.0073 0.0177 0.0322 0.5158 0.0094 0.0135 0.0114 0.0156 0.0177 0.0208 0.0062 0.0665 0.0187 0.0520 
0.0351 0.0037 0.0407 0.0259 0.0240 0.0092 0.0166 0.0166 0.0887 0.0092 0.0314 0.0259 0.0333 0.0185 0.0296 0.4623 0.0277 0.0055 0.0203 0.0148 0.0628 
0.0332 0.0032 0.0759 0.4845 0.0332 0.0063 0.0079 0.0127 0.0332 0.0047 0.0142 0.0490 0.0253 0.0206 0.0395 0.0221 0.0269 0.0032 0.0127 0.0095 0.0822 
0.0257 0.0051 0.0180 0.0154 0.0154 0.0849 0.0257 0.0206 0.0180 0.0103 0.0463 0.0180 0.0129 0.0103 0.0180 0.0206 0.0180 0.0206 0.0309 0.5113 0.0540 
0.0332 0.0032 0.0759 0.4845 0.0332 0.0063 0.0079 0.0127 0.0332 0.0047 0.0142 0.0490 0.0253 0.0206 0.0395 0.0221 0.0269 0.0032 0.0127 0.0095 0.0822 
0.0339 0.0065 0.0145 0.0081 0.0097 0.0291 0.4493 0.0065 0.0161 0.0242 0.1179 0.0097 0.0113 0.0129 0.0145 0.0145 0.0258 0.0065 0.1324 0.0161 0.0436 
0.0452 0.0028 0.4506 0.0678 0.0254 0.0085 0.0127 0.0127 0.0508 0.0056 0.0226 0.0254 0.0424 0.0212 0.0325 0.0311 0.0297 0.0028 0.0198 0.0099 0.0791 
0.0275 0.0069 0.0137 0.0092 0.0114 0.5032 0.0412 0.0114 0.0114 0.0183 0.0870 0.0114 0.0092 0.0092 0.0137 0.0114 0.0160 0.0160 0.0435 0.0755 0.0504 
0.0339 0.0065 0.0145 0.0081 0.0097 0.0291 0.4493 0.0065 0.0161 0.0242 0.1179 0.0097 0.0113 0.0129 0.0145 0.0145 0.0258 0.0065 0.1324 0.0161 0.0436 
0.0548 0.0066 0.0349 0.0282 0.0266 0.0116 0.0266 0.0100 0.0332 0.0116 0.0332 0.0266 0.0216 0.0216 0.0681 0.0249 0.4290 0.0050 0.0465 0.0116 0.0664 
0.0512 0.0037 0.0220 0.0256 0.6193 0.0061 0.0073 0.0073 0.0195 0.0037 0.0134 0.0256 0.0122 0.0159 0.0329 0.0159 0.0195 0.0024 0.0122 0.0073 0.0744 
0.0257 0.0051 0.0180 0.0154 0.0154 0.0849 0.0257 0.0206 0.0180 0.0103 0.0463 0.0180 0.0129 0.0103 0.0180 0.0206 0.0180 0.0206 0.0309 0.5113 0.0540 
0.0359 0.0042 0.0380 0.0654 0.0443 0.0105 0.0127 0.0211 0.0443 0.0063 0.0190 0.4283 0.0274 0.0190 0.0485 0.0295 0.0338 0.0042 0.0169 0.0148 0.0759 
0.0339 0.0065 0.0145 0.0081 0.0097 0.0291 0.4493 0.0065 0.0161 0.0242 0.1179 0.0097 0.0113 0.0129 0.0145 0.0145 0.0258 0.0065 0.1324 0.0161 0.0436 
0.0724 0.0080 0.0370 0.0402 0.0434 0.0097 0.0145 0.0113 0.0322 0.0080 0.0241 0.0370 0.0225 0.0257 0.4064 0.0257 0.0660 0.0032 0.0257 0.0113 0.0788 
0.0359 0.0042 0.0380 0.0654 0.0443 0.0105 0.0127 0.0211 0.0443 0.0063 0.0190 0.4283 0.0274 0.0190 0.0485 0.0295 0.0338 0.0042 0.0169 0.0148 0.0759 
0.0275 0.0069 0.0137 0.0092 0.0114 0.5032 0.0412 0.0114 0.0114 0.0183 0.0870 0.0114 0.0092 0.0092 0.0137 0.0114 0.0160 0.0160 0.0435 0.0755 0.0504 
0.0332 0.0032 0.0759 0.4845 0.0332 0.0063 0.0079 0.0127 0.0332 0.0047 0.0142 0.0490 0.0253 0.0206 0.0395 0.0221 0.0269 0.0032 0.0127 0.0095 0.0822 
0.0339 0.0065 0.0145 0.0081 0.0097 0.0291 0.4493 0.0065 0.0161 0.0242 0.1179 0.0097 0.0113 0.0129 0.0145 0.0145 0.0258 0.0065 0.1324 0.0161 0.0436 
0.0454 0.0039 0.0296 0.0257 0.0257 0.0079 0.0158 0.0079 0.0296 0.0059 0.0217 0.0178 0.0158 0.5498 0.0316 0.0197 0.0257 0.0039 0.0217 0.0079 0.0869 
0.0257 0.0051 0.0180 0.0154 0.0154 0.0849 0.0257 0.0206 0.0180 0.0103 0.0463 0.0180 0.0129 0.0103 0.0180 0.0206 0.0180 0.0206 0.0309 0.5113 0.0540 
0.0339 0.0065 0.0145 0.0081 0.0097 0.0291 0.4493 0.0065 0.0161 0.0242 0.1179 0.0097 0.0113 0.0129 0.0145 0.0145 0.0258 0.0065 0.1324 0.0161 0.0436 
0.0353 0.0062 0.0166 0.0094 0.0114 0.0395 0.0759 0.0073 0.0177 0.0322 0.5158 0.0094 0.0135 0.0114 0.0156 0.0177 0.0208 0.0062 0.0665 0.0187 0.0520 
0.0359 0.0042 0.0380 0.0654 0.0443 0.0105 0.0127 0.0211 0.0443 0.0063 0.0190 0.4283 0.0274 0.0190 0.0485 0.0295 0.0338 0.0042 0.0169 0.0148 0.0759 
0.0351 0.0037 0.0407 0.0259 0.0240 0.0092 0.0166 0.0166 0.0887 0.0092 0.0314 0.0259 0.0333 0.0185 0.0296 0.4623 0.0277 0.0055 0.0203 0.0148 0.0628 
0.4640 0.0111 0.0355 0.0233 0.0466 0.0133 0.0233 0.0089 0.0277 0.0111 0.0377 0.0189 0.0211 0.0255 0.0499 0.0211 0.0366 0.0044 0.0477 0.0111 0.0610 
0.0391 0.0016 0.0563 0.0328 0.0250 0.0078 0.0156 0.0156 0.4215 0.0078 0.0266 0.0328 0.0375 0.0235 0.0313 0.0750 0.0313 0.0031 0.0219 0.0109 0.0813 
0.0359 0.0042 0.0380 0.0654 0.0443 0.0105 0.0127 0.0211 0.0443 0.0063 0.0190 0.4283 0.0274 0.0190 0.0485 0.0295 0.0338 0.0042 0.0169 0.0148 0.0759 
0.0563 0.0105 0.0183 0.0105 0.0131 0.0249 0.1073 0.0065 0.0183 0.0170 0.0837 0.0105 0.0131 0.0144 0.0209 0.0144 0.0366 0.0052 0.4584 0.0157 0.0458 
0.0257 0.0051 0.0180 0.0154 0.0154 0.0849 0.0257 0.0206 0.0180 0.0103 0.0463 0.0180 0.0129 0.0103 0.0180 0.0206 0.0180 0.0206 0.0309 0.5113 0.0540 
0.0359 0.0042 0.0380 0.0654 0.0443 0.0105 0.0127 0.0211 0.0443 0.0063 0.0190 0.4283 0.0274 0.0190 0.0485 0.0295 0.0338 0.0042 0.0169 0.0148 0.0759 
0.0436 0.0087 0.0175 0.0131 0.0131 0.0349 0.0654 0.0087 0.0218 0.3761 0.1353 0.0131 0.0175 0.0131 0.0218 0.0218 0.0305 0.0087 0.0567 0.0175 0.0654 
0.0324 0.0040 0.0364 0.0324 0.0243 0.0202 0.0162 0.4539 0.0405 0.0081 0.0283 0.0405 0.0324 0.0162 0.0283 0.0364 0.0243 0.0081 0.0202 0.0324 0.0647 
0.0458 0.0050 0.0467 0.0433 0.0508 0.0183 0.0225 0.0133 0.0433 0.0125 0.0417 0.0300 0.0242 0.0367 0.0408 0.0283 0.0333 0.0067 0.0292 0.0175 0.4092 
0.0458 0.0050 0.0467 0.0433 0.0508 0.0183 0.0225 0.0133 0.0433 0.0125 0.0417 0.0300 0.0242 0.0367 0.0408 0.0283 0.0333 0.0067 0.0292 0.0175 0.4092 
0.0458 0.0050 0.0467 0.0433 0.0508 0.0183 0.0225 0.0133 0.0433 0.0125 0.0417 0.0300 0.0242 0.0367 0.0408 0.0283 0.0333 0.0067 0.0292 0.0175 0.4092 
0.0458 0.0050 0.0467 0.0433 0.0508 0.0183 0.0225 0.0133 0.0433 0.0125 0.0417 0.0300 0.0242 0.0367 0.0408 0.0283 0.0333 0.0067 0.0292 0.0175 0.4092 
0.0454 0.0039 0.0296 0.0257 0.0257 0.0079 0.0158 0.0079 0.0296 0.0059 0.0217 0.0178 0.0158 0.5498 0.0316 0.0197 0.0257 0.0039 0.0217 0.0079 0.0869 
0.0452 0.0028 0.4506 0.0678 0.0254 0.0085 0.0127 0.0127 0.0508 0.0056 0.0226 0.0254 0.0424 0.0212 0.0325 0.0311 0.0297 0.0028 0.0198 0.0099 0.0791 
0.0470 0.0049 0.0742 0.0396 0.0247 0.0099 0.0173 0.0198 0.0593 0.0099 0.0321 0.0321 0.3818 0.0198 0.0346 0.0445 0.0321 0.0049 0.0247 0.0124 0.0717 
0.0257 0.0051 0.0180 0.0154 0.0154 0.0849 0.0257 0.0206 0.0180 0.0103 0.0463 0.0180 0.0129 0.0103 0.0180 0.0206 0.0180 0.0206 0.0309 0.5113 0.0540 
0.0646 0.5478 0.0129 0.0129 0.0194 0.0194 0.0258 0.0065 0.0065 0.0129 0.0388 0.0129 0.0129 0.0129 0.0323 0.0129 0.0258 0.0065 0.0517 0.0129 0.0388 
0.0351 0.0037 0.0407 0.0259 0.0240 0.0092 0.0166 0.0166 0.0887 0.0092 0.0314 0.0259 0.0333 0.0185 0.0296 0.4623 0.0277 0.0055 0.0203 0.0148 0.0628 
0.0548 0.0066 0.0349 0.0282 0.0266 0.0116 0.0266 0.0100 0.0332 0.0116 0.0332 0.0266 0.0216 0.0216 0.0681 0.0249 0.4290 0.0050 0.0465 0.0116 0.0664 
0.0391 0.0016 0.0563 0.0328 0.0250 0.0078 0.0156 0.0156 0.4215 0.0078 0.0266 0.0328 0.0375 0.0235 0.0313 0.0750 0.0313 0.0031 0.0219 0.0109 0.0813 
0.0548 0.0066 0.0349 0.0282 0.0266 0.0116 0.0266 0.0100 0.0332 0.0116 0.0332 0.0266 0.0216 0.0216 0.0681 0.0249 0.4290 0.0050 0.0465 0.0116 0.0664 
0.4640 0.0111 0.0355 0.0233 0.0466 0.0133 0.0233 0.0089 0.0277 0.0111 0.0377 0.0189 0.0211 0.0255 0.0499 0.0211 0.0366 0.0044 0.0477 0.0111 0.0610 
0.0548 0.0066 0.0349 0.0282 0.0266 0.0116 0.0266 0.0100 0.0332 0.0116 0.0332 0.0266 0.0216 0.0216 0.0681 0.0249 0.4290 0.0050 0.0465 0.0116 0.0664 
0.0339 0.0065 0.0145 0.0081 0.0097 0.0291 0.4493 0.0065 0.0161 0.0242 0.1179 0.0097 0.0113 0.0129 0.0145 0.0145 0.0258 0.0065 0.1324 0.0161 0.0436 
0.0452 0.0028 0.4506 0.0678 0.0254 0.0085 0.0127 0.0127 0.0508 0.0056 0.0226 0.0254 0.0424 0.0212 0.0325 0.0311 0.0297 0.0028 0.0198 0.0099 0.0791 
0.0454 0.0039 0.0296 0.0257 0.0257 0.0079 0.0158 0.0079 0.0296 0.0059 0.0217 0.0178 0.0158 0.5498 0.0316 0.0197 0.0257 0.0039 0.0217 0.0079 0.0869 
0.0257 0.0051 0.0180 0.0154 0.0154 0.0849 0.0257 0.0206 0.0180 0.0103 0.0463 0.0180 0.0129 0.0103 0.0180 0.0206 0.0180 0.0206 0.0309 0.5113 0.0540 
0.0452 0.0028 0.4506 0.0678 0.0254 0.0085 0.0127 0.0127 0.0508 0.0056 0.0226 0.0254 0.0424 0.0212 0.0325 0.0311 0.0297 0.0028 0.0198 0.0099 0.0791 
0.0512 0.0037 0.0220 0.0256 0.6193 0.0061 0.0073 0.0073 0.0195 0.0037 0.0134 0.0256 0.0122 0.0159 0.0329 0.0159 0.0195 0.0024 0.0122 0.0073 0.0744 
0.0359 0.0042 0.0380 0.0654 0.0443 0.0105 0.0127 0.0211 0.0443 0.0063 0.0190 0.4283 0.0274 0.0190 0.0485 0.0295 0.0338 0.0042 0.0169 0.0148 0.0759 
0.0351 0.0037 0.0407 0.0259 0.0240 0.0092 0.0166 0.0166 0.0887 0.0092 0.0314 0.0259 0.0333 0.0185 0.0296 0.4623 0.0277 0.0055 0.0203 0.0148 0.0628 
0.0724 0.0080 0.0370 0.0402 0.0434 0.0097 0.0145 0.0113 0.0322 0.0080 0.0241 0.0370 0.0225 0.0257 0.4064 0.0257 0.0660 0.0032 0.0257 0.0113 0.0788 
0.0548 0.0066 0.0349 0.0282 0.0266 0.0116 0.0266 0.0100 0.0332 0.0116 0.0332 0.0266 0.0216 0.0216 0.0681 0.0249 0.4290 0.0050 0.0465 0.0116 0.0664 
0.0391 0.0016 0.0563 0.0328 0.0250 0.0078 0.0156 0.0156 0.4215 0.0078 0.0266 0.0328 0.0375 0.0235 0.0313 0.0750 0.0313 0.0031 0.0219 0.0109 0.0813 
0.0339 0.0065 0.0145 0.0081 0.0097 0.0291 0.4493 0.0065 0.0161 0.0242 0.1179 0.0097 0.0113 0.0129 0.0145 0.0145 0.0258 0.0065 0.1324 0.0161 0.0436 
0.0391 0.0016 0.0563 0.0328 0.0250 0.0078 0.0156 0.0156 0.4215 0.0078 0.0266 0.0328 0.0375 0.0235 0.0313 0.0750 0.0313 0.0031 0.0219 0.0109 0.0813 
0.0339 0.0065 0.0145 0.0081 0.0097 0.0291 0.4493 0.0065 0.0161 0.0242 0.1179 0.0097 0.0113 0.0129 0.0145 0.0145 0.0258 0.0065 0.1324 0.0161 0.0436 
0.0724 0.0080 0.0370 0.0402 0.0434 0.0097 0.0145 0.0113 0.0322 0.0080 0.0241 0.0370 0.0225 0.0257 0.4064 0.0257 0.0660 0.0032 0.0257 0.0113 0.0788 
0.0512 0.0037 0.0220 0.0256 0.6193 0.0061 0.0073 0.0073 0.0195 0.0037 0.0134 0.0256 0.0122 0.0159 0.0329 0.0159 0.0195 0.0024 0.0122 0.0073 0.0744 
0.0339 0.0065 0.0145 0.0081 0.0097 0.0291 0.4493 0.0065 0.0161 0.0242 0.1179 0.0097 0.0113 0.0129 0.0145 0.0145 0.0258 0.0065 0.1324 0.0161 0.0436 
0.0339 0.0065 0.0145 0.0081 0.0097 0.0291 0.4493 0.0065 0.0161 0.0242 0.1179 0.0097 0.0113 0.0129 0.0145 0.0145 0.0258 0.0065 0.1324 0.0161 0.0436 
0.0454 0.0039 0.0296 0.0257 0.0257 0.0079 0.0158 0.0079 0.0296 0.0059 0.0217 0.0178 0.0158 0.5498 0.0316 0.0197 0.0257 0.0039 0.0217 0.0079 0.0869 
0.0436 0.0087 0.0175 0.0131 0.0131 0.0349 0.0654 0.0087 0.0218 0.3761 0.1353 0.0131 0.0175 0.0131 0.0218 0.0218 0.0305 0.0087 0.0567 0.0175 0.0654 
0.0332 0.0032 0.0759 0.4845 0.0332 0.0063 0.0079 0.0127 0.0332 0.0047 0.0142 0.0490 0.0253 0.0206 0.0395 0.0221 0.0269 0.0032 0.0127 0.0095 0.0822 
0.0436 0.0087 0.0175 0.0131 0.0131 0.0349 0.0654 0.0087 0.0218 0.3761 0.1353 0.0131 0.0175 0.0131 0.0218 0.0218 0.0305 0.0087 0.0567 0.0175 0.0654 
0.0257 0.0051 0.0180 0.0154 0.0154 0.0849 0.0257 0.0206 0.0180 0.0103 0.0463 0.0180 0.0129 0.0103 0.0180 0.0206 0.0180 0.0206 0.0309 0.5113 0.0540 
0.0470 0.0049 0.0742 0.0396 0.0247 0.0099 0.0173 0.0198 0.0593 0.0099 0.0321 0.0321 0.3818 0.0198 0.0346 0.0445 0.0321 0.0049 0.0247 0.0124 0.0717 
0.0563 0.0105 0.0183 0.0105 0.0131 0.0249 0.1073 0.0065 0.0183 0.0170 0.0837 0.0105 0.0131 0.0144 0.0209 0.0144 0.0366 0.0052 0.4584 0.0157 0.0458 
0.0646 0.5478 0.0129 0.0129 0.0194 0.0194 0.0258 0.0065 0.0065 0.0129 0.0388 0.0129 0.0129 0.0129 0.0323 0.0129 0.0258 0.0065 0.0517 0.0129 0.0388 
0.0391 0.0016 0.0563 0.0328 0.0250 0.0078 0.0156 0.0156 0.4215 0.0078 0.0266 0.0328 0.0375 0.0235 0.0313 0.0750 0.0313 0.0031 0.0219 0.0109 0.0813 
0.0391 0.0016 0.0563 0.0328 0.0250 0.0078 0.0156 0.0156 0.4215 0.0078 0.0266 0.0328 0.0375 0.0235 0.0313 0.0750 0.0313 0.0031 0.0219 0.0109 0.0813 
0.0436 0.0087 0.0175 0.0131 0.0131 0.0349 0.0654 0.0087 0.0218 0.3761 0.1353 0.0131 0.0175 0.0131 0.0218 0.0218 0.0305 0.0087 0.0567 0.0175 0.0654 
0.0458 0.0050 0.0467 0.0433 0.0508 0.0183 0.0225 0.0133 0.0433 0.0125 0.0417 0.0300 0.0242 0.0367 0.0408 0.0283 0.0333 0.0067 0.0292 0.0175 0.4092 
0.0458 0.0050 0.0467 0.0433 0.0508 0.0183 0.0225 0.0133 0.0433 0.0125 0.0417 0.0300 0.0242 0.0367 0.0408 0.0283 0.0333 0.0067 0.0292 0.0175 0.4092 
0.0458 0.0050 0.0467 0.0433 0.0508 0.0183 0.0225 0.0133 0.0433 0.0125 0.0417 0.0300 0.0242 0.0367 0.0408 0.0283 0.0333 0.0067 0.0292 0.0175 0.4092 
0.0724 0.0080 0.0370 0.0402 0.0434 0.0097 0.0145 0.0113 0.0322 0.0080 0.0241 0.0370 0.0225 0.0257 0.4064 0.0257 0.0660 0.0032 0.0257 0.0113 0.0788 
0.0353 0.0062 0.0166 0.0094 0.0114 0.0395 0.0759 0.0073 0.0177 0.0322 0.5158 0.0094 0.0135 0.0114 0.0156 0.0177 0.0208 0.0062 0.0665 0.0187 0.0520 
0.0724 0.0080 0.0370 0.0402 0.0434 0.0097 0.0145 0.0113 0.0322 0.0080 0.0241 0.0370 0.0225 0.0257 0.4064 0.0257 0.0660 0.0032 0.0257 0.0113 0.0788 
0.0359 0.0042 0.0380 0.0654 0.0443 0.0105 0.0127 0.0211 0.0443 0.0063 0.0190 0.4283 0.0274 0.0190 0.0485 0.0295 0.0338 0.0042 0.0169 0.0148 0.0759 
0.0257 0.0051 0.0180 0.0154 0.0154 0.0849 0.0257 0.0206 0.0180 0.0103 0.0463 0.0180 0.0129 0.0103 0.0180 0.0206 0.0180 0.0206 0.0309 0.5113 0.0540 
0.0391 0.0016 0.0563 0.0328 0.0250 0.0078 0.0156 0.0156 0.4215 0.0078 0.0266 0.0328 0.0375 0.0235 0.0313 0.0750 0.0313 0.0031 0.0219 0.0109 0.0813 
0.0353 0.0062 0.0166 0.0094 0.0114 0.0395 0.0759 0.0073 0.0177 0.0322 0.5158 0.0094 0.0135 0.0114 0.0156 0.0177 0.0208 0.0062 0.0665 0.0187 0.0520 
0.0332 0.0032 0.0759 0.4845 0.0332 0.0063 0.0079 0.0127 0.0332 0.0047 0.0142 0.0490 0.0253 0.0206 0.0395 0.0221 0.0269 0.0032 0.0127 0.0095 0.0822 
0.0548 0.0066 0.0349 0.0282 0.0266 0.0116 0.0266 0.0100 0.0332 0.0116 0.0332 0.0266 0.0216 0.0216 0.0681 0.0249 0.4290 0.0050 0.0465 0.0116 0.0664 
0.0563 0.0105 0.0183 0.0105 0.0131 0.0249 0.1073 0.0065 0.0183 0.0170 0.0837 0.0105 0.0131 0.0144 0.0209 0.0144 0.0366 0.0052 0.4584 0.0157 0.0458 
0.4640 0.0111 0.0355 0.0233 0.0466 0.0133 0.0233 0.0089 0.0277 0.0111 0.0377 0.0189 0.0211 0.0255 0.0499 0.0211 0.0366 0.0044 0.0477 0.0111 0.0610 
0.0470 0.0049 0.0742 0.0396 0.0247 0.0099 0.0173 0.0198 0.0593 0.0099 0.0321 0.0321 0.3818 0.0198 0.0346 0.0445 0.0321 0.0049 0.0247 0.0124 0.0717 
0.0452 0.0028 0.4506 0.0678 0.0254 0.0085 0.0127 0.0127 0.0508 0.0056 0.0226 0.0254 0.0424 0.0212 0.0325 0.0311 0.0297 0.0028 0.0198 0.0099 0.0791 
0.0646 0.5478 0.0129 0.0129 0.0194 0.0194 0.0258 0.0065 0.0065 0.0129 0.0388 0.0129 0.0129 0.0129 0.0323 0.0129 0.0258 0.0065 0.0517 0.0129 0.0388 
0.0436 0.0087 0.0175 0.0131 0.0131 0.0349 0.0654 0.0087 0.0218 0.3761 0.1353 0.0131 0.0175 0.0131 0.0218 0.0218 0.0305 0.0087 0.0567 0.0175 0.0654 
0.0512 0.0037 0.0220 0.0256 0.6193 0.0061 0.0073 0.0073 0.0195 0.0037 0.0134 0.0256 0.0122 0.0159 0.0329 0.0159 0.0195 0.0024 0.0122 0.0073 0.0744 
0.0548 0.0066 0.0349 0.0282 0.0266 0.0116 0.0266 0.0100 0.0332 0.0116 0.0332 0.0266 0.0216 0.0216 0.0681 0.0249 0.4290 0.0050 0.0465 0.0116 0.0664 
0.0391 0.0016 0.0563 0.0328 0.0250 0.0078 0.0156 0.0156 0.4215 0.0078 0.0266 0.0328 0.0375 0.0235 0.0313 0.0750 0.0313 0.0031 0.0219 0.0109 0.0813 
0.0391 0.0016 0.0563 0.0328 0.0250 0.0078 0.0156 0.0156 0.4215 0.0078 0.0266 0.0328 0.0375 0.0235 0.0313 0.0750 0.0313 0.0031 0.0219 0.0109 0.0813 
0.0452 0.0028 0.4506 0.0678 0.0254 0.0085 0.0127 0.0127 0.0508 0.0056 0.0226 0.0254 0.0424 0.0212 0.0325 0.0311 0.0297 0.0028 0.0198 0.0099 0.0791 
0.0332 0.0032 0.0759 0.4845 0.0332 0.0063 0.0079 0.0127 0.0332 0.0047 0.0142 0.0490 0.0253 0.0206 0.0395 0.0221 0.0269 0.0032 0.0127 0.0095 0.0822 
0.0563 0.0105 0.0183 0.0105 0.0131 0.0249 0.1073 0.0065 0.0183 0.0170 0.0837 0.0105 0.0131 0.0144 0.0209 0.0144 0.0366 0.0052 0.4584 0.0157 0.0458 
0.0724 0.0080 0.0370 0.0402 0.0434 0.0097 0.0145 0.0113 0.0322 0.0080 0.0241 0.0370 0.0225 0.0257 0.4064 0.0257 0.0660 0.0032 0.0257 0.0113 0.0788 
0.0257 0.0051 0.0180 0.0154 0.0154 0.0849 0.0257 0.0206 0.0180 0.0103 0.0463 0.0180 0.0129 0.0103 0.0180 0.0206 0.0180 0.0206 0.0309 0.5113 0.0540 
0.0391 0.0016 0.0563 0.0328 0.0250 0.0078 0.0156 0.0156 0.4215 0.0078 0.0266 0.0328 0.0375 0.0235 0.0313 0.0750 0.0313 0.0031 0.0219 0.0109 0.0813 
0.0452 0.0028 0.4506 0.0678 0.0254 0.0085 0.0127 0.0127 0.0508 0.0056 0.0226 0.0254 0.0424 0.0212 0.0325 0.0311 0.0297 0.0028 0.0198 0.0099 0.0791 
0.0339 0.0065 0.0145 0.0081 0.0097 0.0291 0.4493 0.0065 0.0161 0.0242 0.1179 0.0097 0.0113 0.0129 0.0145 0.0145 0.0258 0.0065 0.1324 0.0161 0.0436 
0.0454 0.0039 0.0296 0.0257 0.0257 0.0079 0.0158 0.0079 0.0296 0.0059 0.0217 0.0178 0.0158 0.5498 0.0316 0.0197 0.0257 0.0039 0.0217 0.0079 0.0869 
0.0353 0.0062 0.0166 0.0094 0.0114 0.0395 0.0759 0.0073 0.0177 0.0322 0.5158 0.0094 0.0135 0.0114 0.0156 0.0177 0.0208 0.0062 0.0665 0.0187 0.0520 
0.0353 0.0062 0.0166 0.0094 0.0114 0.0395 0.0759 0.0073 0.0177 0.0322 0.5158 0.0094 0.0135 0.0114 0.0156 0.0177 0.0208 0.0062 0.0665 0.0187 0.0520 
0.0275 0.0069 0.0137 0.0092 0.0114 0.5032 0.0412 0.0114 0.0114 0.0183 0.0870 0.0114 0.0092 0.0092 0.0137 0.0114 0.0160 0.0160 0.0435 0.0755 0.0504 
0.0351 0.0037 0.0407 0.0259 0.0240 0.0092 0.0166 0.0166 0.0887 0.0092 0.0314 0.0259 0.0333 0.0185 0.0296 0.4623 0.0277 0.0055 0.0203 0.0148 0.0628 
0.0512 0.0037 0.0220 0.0256 0.6193 0.0061 0.0073 0.0073 0.0195 0.0037 0.0134 0.0256 0.0122 0.0159 0.0329 0.0159 0.0195 0.0024 0.0122 0.0073 0.0744 
0.0332 0.0032 0.0759 0.4845 0.0332 0.0063 0.0079 0.0127 0.0332 0.0047 0.0142 0.0490 0.0253 0.0206 0.0395 0.0221 0.0269 0.0032 0.0127 0.0095 0.0822 
0.0351 0.0037 0.0407 0.0259 0.0240 0.0092 0.0166 0.0166 0.0887 0.0092 0.0314 0.0259 0.0333 0.0185 0.0296 0.4623 0.0277 0.0055 0.0203 0.0148 0.0628 
0.4640 0.0111 0.0355 0.0233 0.0466 0.0133 0.0233 0.0089 0.0277 0.0111 0.0377 0.0189 0.0211 0.0255 0.0499 0.0211 0.0366 0.0044 0.0477 0.0111 0.0610 
0.0351 0.0037 0.0407 0.0259 0.0240 0.0092 0.0166 0.0166 0.0887 0.0092 0.0314 0.0259 0.0333 0.0185 0.0296 0.4623 0.0277 0.0055 0.0203 0.0148 0.0628 
0.0353 0.0062 0.0166 0.0094 0.0114 0.0395 0.0759 0.0073 0.0177 0.0322 0.5158 0.0094 0.0135 0.0114 0.0156 0.0177 0.0208 0.0062 0.0665 0.0187 0.0520 
0.0512 0.0037 0.0220 0.0256 0.6193 0.0061 0.0073 0.0073 0.0195 0.0037 0.0134 0.0256 0.0122 0.0159 0.0329 0.0159 0.0195 0.0024 0.0122 0.0073 0.0744 
0.0436 0.0087 0.0175 0.0131 0.0131 0.0349 0.0654 0.0087 0.0218 0.3761 0.1353 0.0131 0.0175 0.0131 0.0218 0.0218 0.0305 0.0087 0.0567 0.0175 0.0654 
0.0257 0.0051 0.0180 0.0154 0.0154 0.0849 0.0257 0.0206 0.0180 0.0103 0.0463 0.0180 0.0129 0.0103 0.0180 0.0206 0.0180 0.0206 0.0309 0.5113 0.0540 
0.0646 0.5478 0.0129 0.0129 0.0194 0.0194 0.0258 0.0065 0.0065 0.0129 0.0388 0.0129 0.0129 0.0129 0.0323 0.0129 0.0258 0.0065 0.0517 0.0129 0.0388 
0.0563 0.0105 0.0183 0.0105 0.0131 0.0249 0.1073 0.0065 0.0183 0.0170 0.0837 0.0105 0.0131 0.0144 0.0209 0.0144 0.0366 0.0052 0.4584 0.0157 0.0458 
0.0470 0.0049 0.0742 0.0396 0.0247 0.0099 0.0173 0.0198 0.0593 0.0099 0.0321 0.0321 0.3818 0.0198 0.0346 0.0445 0.0321 0.0049 0.0247 0.0124 0.0717 
0.0332 0.0032 0.0759 0.4845 0.0332 0.0063 0.0079 0.0127 0.0332 0.0047 0.0142 0.0490 0.0253 0.0206 0.0395 0.0221 0.0269 0.0032 0.0127 0.0095 0.0822 
0.0724 0.0080 0.0370 0.0402 0.0434 0.0097 0.0145 0.0113 0.0322 0.0080 0.0241 0.0370 0.0225 0.0257 0.4064 0.0257 0.0660 0.0032 0.0257 0.0113 0.0788 
0.0339 0.0065 0.0145 0.0081 0.0097 0.0291 0.4493 0.0065 0.0161 0.0242 0.1179 0.0097 0.0113 0.0129 0.0145 0.0145 0.0258 0.0065 0.1324 0.0161 0.0436 
0.0353 0.0062 0.0166 0.0094 0.0114 0.0395 0.0759 0.0073 0.0177 0.0322 0.5158 0.0094 0.0135 0.0114 0.0156 0.0177 0.0208 0.0062 0.0665 0.0187 0.0520 
0.0563 0.0105 0.0183 0.0105 0.0131 0.0249 0.1073 0.0065 0.0183 0.0170 0.0837 0.0105 0.0131 0.0144 0.0209 0.0144 0.0366 0.0052 0.4584 0.0157 0.0458 
0.0339 0.0065 0.0145 0.0081 0.0097 0.0291 0.4493 0.0065 0.0161 0.0242 0.1179 0.0097 0.0113 0.0129 0.0145 0.0145 0.0258 0.0065 0.1324 0.0161 0.0436 
0.0332 0.0032 0.0759 0.4845 0.0332 0.0063 0.0079 0.0127 0.0332 0.0047 0.0142 0.0490 0.0253 0.0206 0.0395 0.0221 0.0269 0.0032 0.0127 0.0095 0.0822 
0.0353 0.0062 0.0166 0.0094 0.0114 0.0395 0.0759 0.0073 0.0177 0.0322 0.5158 0.0094 0.0135 0.0114 0.0156 0.0177 0.0208 0.0062 0.0665 0.0187 0.0520 
0.0563 0.0105 0.0183 0.0105 0.0131 0.0249 0.1073 0.0065 0.0183 0.0170 0.0837 0.0105 0.0131 0.0144 0.0209 0.0144 0.0366 0.0052 0.4584 0.0157 0.0458 
0.0391 0.0016 0.0563 0.0328 0.0250 0.0078 0.0156 0.0156 0.4215 0.0078 0.0266 0.0328 0.0375 0.0235 0.0313 0.0750 0.0313 0.0031 0.0219 0.0109 0.0813 
0.0324 0.0040 0.0364 0.0324 0.0243 0.0202 0.0162 0.4539 0.0405 0.0081 0.0283 0.0405 0.0324 0.0162 0.0283 0.0364 0.0243 0.0081 0.0202 0.0324 0.0647 
0.0275 0.0069 0.0137 0.0092 0.0114 0.5032 0.0412 0.0114 0.0114 0.0183 0.0870 0.0114 0.0092 0.0092 0.0137 0.0114 0.0160 0.0160 0.0435 0.0755 0.0504 
0.0436 0.0087 0.0175 0.0131 0.0131 0.0349 0.0654 0.0087 0.0218 0.3761 0.1353 0.0131 0.0175 0.0131 0.0218 0.0218 0.0305 0.0087 0.0567 0.0175 0.0654 
0.0548 0.0066 0.0349 0.0282 0.0266 0.0116 0.0266 0.0100 0.0332 0.0116 0.0332 0.0266 0.0216 0.0216 0.0681 0.0249 0.4290 0.0050 0.0465 0.0116 0.0664 
0.0324 0.0040 0.0364 0.0324 0.0243 0.0202 0.0162 0.4539 0.0405 0.0081 0.0283 0.0405 0.0324 0.0162 0.0283 0.0364 0.0243 0.0081 0.0202 0.0324 0.0647 
0.0563 0.0105 0.0183 0.0105 0.0131 0.0249 0.1073 0.0065 0.0183 0.0170 0.0837 0.0105 0.0131 0.0144 0.0209 0.0144 0.0366 0.0052 0.4584 0.0157 0.0458 
0.0452 0.0028 0.4506 0.0678 0.0254 0.0085 0.0127 0.0127 0.0508 0.0056 0.0226 0.0254 0.0424 0.0212 0.0325 0.0311 0.0297 0.0028 0.0198 0.0099 0.0791 
0.0339 0.0065 0.0145 0.0081 0.0097 0.0291 0.4493 0.0065 0.0161 0.0242 0.1179 0.0097 0.0113 0.0129 0.0145 0.0145 0.0258 0.0065 0.1324 0.0161 0.0436 
0.0548 0.0066 0.0349 0.0282 0.0266 0.0116 0.0266 0.0100 0.0332 0.0116 0.0332 0.0266 0.0216 0.0216 0.0681 0.0249 0.4290 0.0050 0.0465 0.0116 0.0664 
0.0452 0.0028 0.4506 0.0678 0.0254 0.0085 0.0127 0.0127 0.0508 0.0056 0.0226 0.0254 0.0424 0.0212 0.0325 0.0311 0.0297 0.0028 0.0198 0.0099 0.0791 
0.0339 0.0065 0.0145 0.0081 0.0097 0.0291 0.4493 0.0065 0.0161 0.0242 0.1179 0.0097 0.0113 0.0129 0.0145 0.0145 0.0258 0.0065 0.1324 0.0161 0.0436 
0.4640 0.0111 0.0355 0.0233 0.0466 0.0133 0.0233 0.0089 0.0277 0.0111 0.0377 0.0189 0.0211 0.0255 0.0499 0.0211 0.0366 0.0044 0.0477 0.0111 0.0610 
0.0391 0.0016 0.0563 0.0328 0.0250 0.0078 0.0156 0.0156 0.4215 0.0078 0.0266 0.0328 0.0375 0.0235 0.0313 0.0750 0.0313 0.0031 0.0219 0.0109 0.0813 
0.0339 0.0065 0.0145 0.0081 0.0097 0.0291 0.4493 0.0065 0.0161 0.0242 0.1179 0.0097 0.0113 0.0129 0.0145 0.0145 0.0258 0.0065 0.1324 0.0161 0.0436 
0.4640 0.0111 0.0355 0.0233 0.0466 0.0133 0.0233 0.0089 0.0277 0.0111 0.0377 0.0189 0.0211 0.0255 0.0499 0.0211 0.0366 0.0044 0.0477 0.0111 0.0610 
0.0359 0.0042 0.0380 0.0654 0.0443 0.0105 0.0127 0.0211 0.0443 0.0063 0.0190 0.4283 0.0274 0.0190 0.0485 0.0295 0.0338 0.0042 0.0169 0.0148 0.0759 
0.0339 0.0065 0.0145 0.0081 0.0097 0.0291 0.4493 0.0065 0.0161 0.0242 0.1179 0.0097 0.0113 0.0129 0.0145 0.0145 0.0258 0.0065 0.1324 0.0161 0.0436 
0.0454 0.0039 0.0296 0.0257 0.0257 0.0079 0.0158 0.0079 0.0296 0.0059 0.0217 0.0178 0.0158 0.5498 0.0316 0.0197 0.0257 0.0039 0.0217 0.0079 0.0869 
0.0724 0.0080 0.0370 0.0402 0.0434 0.0097 0.0145 0.0113 0.0322 0.0080 0.0241 0.0370 0.0225 0.0257 0.4064 0.0257 0.0660 0.0032 0.0257 0.0113 0.0788 
0.0512 0.0037 0.0220 0.0256 0.6193 0.0061 0.0073 0.0073 0.0195 0.0037 0.0134 0.0256 0.0122 0.0159 0.0329 0.0159 0.0195 0.0024 0.0122 0.0073 0.0744 
0.0351 0.0037 0.0407 0.0259 0.0240 0.0092 0.0166 0.0166 0.0887 0.0092 0.0314 0.0259 0.0333 0.0185 0.0296 0.4623 0.0277 0.0055 0.0203 0.0148 0.0628 
0.0563 0.0105 0.0183 0.0105 0.0131 0.0249 0.1073 0.0065 0.0183 0.0170 0.0837 0.0105 0.0131 0.0144 0.0209 0.0144 0.0366 0.0052 0.4584 0.0157 0.0458 
0.0339 0.0065 0.0145 0.0081 0.0097 0.0291 0.4493 0.0065 0.0161 0.0242 0.1179 0.0097 0.0113 0.0129 0.0145 0.0145 0.0258 0.0065 0.1324 0.0161 0.0436 
0.0359 0.0042 0.0380 0.0654 0.0443 0.0105 0.0127 0.0211 0.0443 0.0063 0.0190 0.4283 0.0274 0.0190 0.0485 0.0295 0.0338 0.0042 0.0169 0.0148 0.0759 
0.0332 0.0032 0.0759 0.4845 0.0332 0.0063 0.0079 0.0127 0.0332 0.0047 0.0142 0.0490 0.0253 0.0206 0.0395 0.0221 0.0269 0.0032 0.0127 0.0095 0.0822 
0.0512 0.0037 0.0220 0.0256 0.6193 0.0061 0.0073 0.0073 0.0195 0.0037 0.0134 0.0256 0.0122 0.0159 0.0329 0.0159 0.0195 0.0024 0.0122 0.0073 0.0744 
0.0470 0.0049 0.0742 0.0396 0.0247 0.0099 0.0173 0.0198 0.0593 0.0099 0.0321 0.0321 0.3818 0.0198 0.0346 0.0445 0.0321 0.0049 0.0247 0.0124 0.0717 
0.0470 0.0049 0.0742 0.0396 0.0247 0.0099 0.0173 0.0198 0.0593 0.0099 0.0321 0.0321 0.3818 0.0198 0.0346 0.0445 0.0321 0.0049 0.0247 0.0124 0.0717 
0.0339 0.0065 0.0145 0.0081 0.0097 0.0291 0.4493 0.0065 0.0161 0.0242 0.1179 0.0097 0.0113 0.0129 0.0145 0.0145 0.0258 0.0065 0.1324 0.0161 0.0436 
0.0458 0.0050 0.0467 0.0433 0.0508 0.0183 0.0225 0.0133 0.0433 0.0125 0.0417 0.0300 0.0242 0.0367 0.0408 0.0283 0.0333 0.0067 0.0292 0.0175 0.4092 
0.0458 0.0050 0.0467 0.0433 0.0508 0.0183 0.0225 0.0133 0.0433 0.0125 0.0417 0.0300 0.0242 0.0367 0.0408 0.0283 0.0333 0.0067 0.0292 0.0175 0.4092 
0.0458 0.0050 0.0467 0.0433 0.0508 0.0183 0.0225 0.0133 0.0433 0.0125 0.0417 0.0300 0.0242 0.0367 0.0408 0.0283 0.0333 0.0067 0.0292 0.0175 0.4092 
0.0458 0.0050 0.0467 0.0433 0.0508 0.0183 0.0225 0.0133 0.0433 0.0125 0.0417 0.0300 0.0242 0.0367 0.0408 0.0283 0.0333 0.0067 0.0292 0.0175 0.4092 
0.0458 0.0050 0.0467 0.0433 0.0508 0.0183 0.0225 0.0133 0.0433 0.0125 0.0417 0.0300 0.0242 0.0367 0.0408 0.0283 0.0333 0.0067 0.0292 0.0175 0.4092 
0.0458 0.0050 0.0467 0.0433 0.0508 0.0183 0.0225 0.0133 0.0433 0.0125 0.0417 0.0300 0.0242 0.0367 0.0408 0.0283 0.0333 0.0067 0.0292 0.0175 0.4092 
0.0458 0.0050 0.0467 0.0433 0.0508 0.0183 0.0225 0.0133 0.0433 0.0125 0.0417 0.0300 0.0242 0.0367 0.0408 0.0283 0.0333 0.0067 0.0292 0.0175 0.4092 
0.0458 0.0050 0.0467 0.0433 0.0508 0.0183 0.0225 0.0133 0.0433 0.0125 0.0417 0.0300 0.0242 0.0367 0.0408 0.0283 0.0333 0.0067 0.0292 0.0175 0.4092 
0.0458 0.0050 0.0467 0.0433 0.0508 0.0183 0.0225 0.0133 0.0433 0.0125 0.0417 0.0300 0.0242 0.0367 0.0408 0.0283 0.0333 0.0067 0.0292 0.0175 0.4092 
0.0458 0.0050 0.0467 0.0433 0.0508 0.0183 0.0225 0.0133 0.0433 0.0125 0.0417 0.0300 0.0242 0.0367 0.0408 0.0283 0.0333 0.0067 0.0292 0.0175 0.4092 
0.0458 0.0050 0.0467 0.0433 0.0508 0.0183 0.0225 0.0133 0.0433 0.0125 0.0417 0.0300 0.0242 0.0367 0.0408 0.0283 0.0333 0.0067 0.0292 0.0175 0.4092 
